Sample: /awork08/KIST/adiscan/134/2R-DNA.somatic
Reference: /awork08/KIST/adiscan/breast-cancer/list
DONE:Read Adi File
ADIscore	Sample(%)	ICGC_ave(%)
0~0.05	0.342466	0.76528
0.05~0.1	0.684932	0.624308
0.1~0.15	0.684932	0.654516
0.15~0.2	0.342466	0.634377
0.2~0.25	0.342466	0.563891
0.25~0.3	0.342466	0.815628
0.3~0.35	0.342466	0.936462
0.35~0.4	0.342466	0.916323
0.4~0.45	1.36986	1.19827
0.45~0.5	0	1.4198
0.5~0.55	1.0274	1.69167
0.55~0.6	1.0274	2.09445
0.6~0.65	1.71233	2.54758
0.65~0.7	1.0274	2.66841
0.7~0.75	2.05479	2.52744
0.75~0.8	2.05479	2.8698
0.8~0.85	7.19178	14.057
0.85~0.9	6.50685	12.0632
0.9~0.95	25.3425	21.3473
0.95~1	47.2603	29.6043

1-th reference
GNAI2	0 0	1 4	0.253165 0.351578
TET2	1 3	2 1	0.48588 0.380952
PAK7	1 3	4 3	0.612701 0.423771
FGFR2	2 2	1 7	0.020979 0.44126
RRAS2	0 0	1 3	0.322314 0.232138
STAT3	0 1	2 6	0.356838 0.209828
SRC	2 2	2 5	0.480122 0.4103
ROCK1	0 0	2 3	0.135479 0.400207
KIR3DL3	0 0	3 17	0.424281 0.529879
ALK	11 15	5 7	0.345379 0.409836
ERBB3	0 0	3 9	0.684535 0.245694
FGFR1	0 1	1 1	0.674419 0.0952381
SF3B1	4 6	7 4	0.430763 0.339023
RAC1	2 1	2 5	0.479348 0.379023
TRRAP	8 8	4 5	0.280526 0.416175
PRKCD	7 8	3 4	0.562647 0.333992
TYK2	1 4	5 9	0.474618 0.432971
CTNNB1	1 1	1 0	0.810811 -1
FGFR4	10 6	1 9	0.257143 0.611297
FRK	2 0	5 4	0.331716 0.308868
EGFR	3 3	4 7	0.705395 0.424804
TTK	9 10	5 4	0.458582 0.457968
MTOR	6 4	1 1	0.75 0.651163
EPHA5	4 4	3 7	0.451919 0.444918
SRSF2	2 2	1 1	0.0119048 0.855422
PMS2	4 3	3 3	0.528923 0.308822
RIT1	4 1	1 2	0.455621 0.261364
CD274	0 0	1 2	0.559006 0.507337
NF1	3 2	14 18	0.387294 0.370324
TEK	8 13	13 5	0.513827 0.364824
ETV6	1 1	1 3	0.623288 0.252241
NFKBIA	0 0	1 2	0.636364 0.389403
ESR1	5 4	4 4	0.345835 0.42585
CSF1R	8 6	3 6	0.432231 0.488268
PIK3R1	2 3	4 7	0.669422 0.453649
KIT	0 2	3 4	0.502163 0.411284
BARD1	3 7	4 9	0.639024 0.453542
RAF1	2 2	1 0	0.851351 -1
FGFR3	2 3	1 4	0.83871 0.674596
PRKACA	0 0	1 1	0.464789 0.2
MLH1	0 0	1 7	0.817073 0.457781
SMO	8 1	2 4	0.552609 0.190843
RUNX1	1 1	1 1	0.44 0.880597
EPHA2	1 4	2 4	0.225242 0.187323
ASXL1	3 4	6 2	0.432362 0.0457143
NFKB2	3 3	3 3	0.287233 0.604863
TGFBR2	0 0	2 5	0.786341 0.421271
RET	4 8	8 6	0.272598 0.120616
PRKCG	3 4	1 3	0.465517 0.447397
RB1	7 5	1 11	0.181818 0.404968
MYC	0 0	1 3	0.730769 0.267812
JAK3	6 4	2 10	0.640114 0.292016
FLT3	5 6	11 5	0.493768 0.405787
STK11	6 2	2 7	0.479167 0.201126
CARD11	5 4	10 9	0.392476 0.406496
TP53	4 7	1 1	0.646707 0.232558
SETBP1	3 1	1 3	0.0176471 0.302074
IGF1R	6 5	3 2	0.236214 0.498738
BAX	2 4	1 0	0.428571 -1
DNMT3A	1 3	3 4	0.468156 0.290888
PTEN	0 2	1 2	0.571429 0.123737
AXL	2 2	7 13	0.563741 0.434419
SH2B3	1 4	1 0	0.2 -1
NRG1	1 1	4 7	0.241336 0.693622
SMAD4	0 1	1 1	0.441558 0.15
U2AF1	0 1	4 1	0.433536 0.386364
CBFB	0 0	1 3	0.181818 0.406441
BCR	8 7	5 21	0.398034 0.358291
AKT1	1 3	1 5	0.162393 0.475665
DICER1	3 2	2 4	0.64886 0.327115
ERBB2	3 2	1 5	0.342857 0.38815
PDGFRB	5 6	3 8	0.327524 0.381268
DDR2	6 6	1 0	0.391304 -1
TNK2	1 2	5 2	0.487696 0.192202
MAP2K2	2 3	3 4	0.44127 0.473914
ROS1	2 7	2 12	0.454167 0.356546
BRCA1	0 2	1 1	0.2 0.152778
CALR	0 0	2 4	0.345833 0.509313
ATM	8 7	3 17	0.371483 0.402952
CBL	2 0	2 3	0.345823 0.172701
JAK1	1 1	7 7	0.562429 0.465056
PDGFRA	9 4	14 14	0.452994 0.362111
MAP2K1	1 0	2 1	0.439272 0.358491
BRCA2	10 10	4 6	0.307946 0.435939
HRAS	0 0	1 1	0.186916 0.309091
GNAS	1 7	1 4	0.486486 0.39859
MUTYH	1 1	2 2	0.508061 0.471248
KMT2A	1 1	1 5	0.846154 0.198262
MSH2	1 2	5 10	0.539059 0.310604
KDR	5 6	5 9	0.498481 0.432824
CHEK2	0 1	5 2	0.378413 0.311097

2-th reference
GNAI2	0 1	1 6	0.253165 0.274706
TET2	1 0	2 4	0.48588 0.616446
PAK7	1 4	4 3	0.612701 0.511755
FGFR2	2 2	1 3	0.020979 0.408108
RRAS2	0 0	1 1	0.322314 0.74
STAT3	0 3	2 1	0.356838 0.28125
SRC	2 4	2 1	0.480122 0.533333
KIR3DL3	0 4	3 15	0.424281 0.510612
ALK	11 9	5 11	0.345379 0.487009
ERBB3	0 0	3 5	0.684535 0.404047
FGFR1	0 1	1 0	0.674419 -1
SF3B1	4 6	7 3	0.430763 0.305748
RAC1	2 1	2 4	0.479348 0.482436
TRRAP	8 8	4 7	0.280526 0.329591
PRKCD	7 4	3 1	0.562647 0.192308
TYK2	1 5	5 7	0.474618 0.536923
CTNNB1	1 1	1 1	0.810811 0.666667
FGFR4	10 10	1 4	0.257143 0.388484
FRK	2 0	5 5	0.331716 0.50632
EGFR	3 3	4 13	0.705395 0.485139
TTK	9 9	5 4	0.458582 0.542254
MTOR	6 5	1 17	0.75 0.38294
EPHA5	4 2	3 7	0.451919 0.43427
SRSF2	2 2	1 0	0.0119048 -1
PMS2	4 5	3 3	0.528923 0.352324
RIT1	4 1	1 4	0.455621 0.456641
CD274	0 0	1 1	0.559006 0.543478
NF1	3 1	14 13	0.387294 0.448187
TEK	8 8	13 9	0.513827 0.524223
ETV6	1 1	1 0	0.623288 -1
NFKBIA	0 2	1 3	0.636364 0.333764
ESR1	5 3	4 2	0.345835 0.213733
CSF1R	8 6	3 9	0.432231 0.505041
PIK3R1	2 1	4 4	0.669422 0.243973
KIT	0 1	3 1	0.502163 0.172414
BARD1	3 4	4 4	0.639024 0.529896
RAF1	2 2	1 2	0.851351 0.495139
FGFR3	2 6	1 12	0.83871 0.333246
PRKACA	0 0	1 1	0.464789 0.172414
MLH1	0 1	1 5	0.817073 0.327978
SMO	8 6	2 3	0.552609 0.759612
RUNX1	1 0	1 1	0.44 0.738462
EPHA2	1 4	2 2	0.225242 0.310061
ASXL1	3 2	6 6	0.432362 0.423818
NFKB2	3 4	3 2	0.287233 0.185714
TGFBR2	0 1	2 3	0.786341 0.668746
RET	4 1	8 9	0.272598 0.216631
PRKCG	3 4	1 6	0.465517 0.353253
RB1	7 4	1 7	0.181818 0.631201
MYC	0 1	1 3	0.730769 0.331719
JAK3	6 8	2 3	0.640114 0.484737
FLT3	5 4	11 14	0.493768 0.39825
STK11	6 0	2 4	0.479167 0.73661
CARD11	5 8	10 6	0.392476 0.368116
TP53	4 6	1 0	0.646707 -1
SETBP1	3 1	1 2	0.0176471 0.329142
IGF1R	6 4	3 7	0.236214 0.680266
BAX	2 2	1 2	0.428571 0.427778
DNMT3A	1 1	3 5	0.468156 0.424869
PTEN	0 1	1 4	0.571429 0.345067
AXL	2 1	7 4	0.563741 0.397236
SH2B3	1 1	1 4	0.2 0.20582
NRG1	1 1	4 3	0.241336 0.187387
U2AF1	0 0	4 6	0.433536 0.403074
CBFB	0 0	1 1	0.181818 0.846154
BCR	8 7	5 20	0.398034 0.422224
AKT1	1 5	1 4	0.162393 0.551649
DICER1	3 3	2 2	0.64886 0.182224
ERBB2	3 2	1 5	0.342857 0.329499
PDGFRB	5 3	3 1	0.327524 0.357143
DDR2	6 6	1 0	0.391304 -1
TNK2	1 1	5 12	0.487696 0.3079
MAP2K2	2 2	3 2	0.44127 0.209752
ROS1	2 6	2 7	0.454167 0.415638
BRCA1	0 1	1 2	0.2 0.277222
CALR	0 1	2 2	0.345833 0.186966
ATM	8 3	3 9	0.371483 0.263391
JAK1	1 2	7 9	0.562429 0.339096
PDGFRA	9 11	14 4	0.452994 0.242999
MAP2K1	1 2	2 0	0.439272 -1
BRCA2	10 6	4 5	0.307946 0.536876
HRAS	0 0	1 3	0.186916 0.120036
GNAS	1 2	1 2	0.486486 0.292628
MUTYH	1 3	2 0	0.508061 -1
KMT2A	1 1	1 6	0.846154 0.29282
MSH2	1 3	5 8	0.539059 0.255359
KDR	5 4	5 6	0.498481 0.407751
CHEK2	0 2	5 1	0.378413 0.171053

3-th reference
GNAI2	0 0	1 4	0.253165 0.326563
TET2	1 2	2 1	0.48588 0.588235
PAK7	1 3	4 5	0.612701 0.391117
FGFR2	2 2	1 5	0.020979 0.327087
RRAS2	0 0	1 4	0.322314 0.434881
STAT3	0 0	2 9	0.356838 0.640414
SRC	2 2	2 6	0.480122 0.345821
ROCK1	0 0	2 5	0.135479 0.254849
KIR3DL3	0 0	3 4	0.424281 0.555952
ALK	11 9	5 12	0.345379 0.463071
ERBB3	0 0	3 4	0.684535 0.300693
FGFR1	0 1	1 2	0.674419 0.0439614
SF3B1	4 4	7 6	0.430763 0.358104
RAC1	2 2	2 3	0.479348 0.672006
TRRAP	8 18	4 5	0.280526 0.305571
PRKCD	7 5	3 8	0.562647 0.474202
TYK2	1 2	5 5	0.474618 0.375788
CTNNB1	1 1	1 1	0.810811 0.622951
FGFR4	10 9	1 2	0.257143 0.392857
FRK	2 1	5 2	0.331716 0.401111
EGFR	3 3	4 7	0.705395 0.414772
TTK	9 0	5 11	0.458582 0.269019
MTOR	6 4	1 3	0.75 0.348744
EPHA5	4 4	3 7	0.451919 0.443627
SRSF2	2 3	1 1	0.0119048 0.181818
PMS2	4 6	3 4	0.528923 0.192445
RIT1	4 2	1 2	0.455621 0.620879
CD274	0 3	1 0	0.559006 -1
NF1	3 5	14 8	0.387294 0.430145
TEK	8 9	13 5	0.513827 0.644491
ETV6	1 0	1 1	0.623288 0.641509
NFKBIA	0 0	1 2	0.636364 0.397081
ESR1	5 4	4 3	0.345835 0.572579
CSF1R	8 5	3 7	0.432231 0.415415
PIK3R1	2 0	4 5	0.669422 0.311047
KIT	0 2	3 4	0.502163 0.576696
BARD1	3 2	4 0	0.639024 -1
RAF1	2 3	1 0	0.851351 -1
FGFR3	2 1	1 2	0.83871 0.159574
PRKACA	0 0	1 1	0.464789 0.559322
MLH1	0 1	1 2	0.817073 0.394565
RUNX1	1 1	1 2	0.44 0.472775
EPHA2	1 6	2 5	0.225242 0.293947
ASXL1	3 2	6 6	0.432362 0.415009
NFKB2	3 3	3 4	0.287233 0.326193
TGFBR2	0 0	2 1	0.786341 0.510638
RET	4 9	8 7	0.272598 0.358585
PRKCG	3 2	1 8	0.465517 0.472573
RB1	7 8	1 6	0.181818 0.327675
MYC	0 1	1 1	0.730769 0.05
JAK3	6 4	2 15	0.640114 0.351316
FLT3	5 8	11 2	0.493768 0.454114
STK11	6 0	2 8	0.479167 0.417523
CARD11	5 8	10 10	0.392476 0.47741
TP53	4 3	1 4	0.646707 0.54658
SETBP1	3 2	1 5	0.0176471 0.182432
IGF1R	6 3	3 6	0.236214 0.393377
BAX	2 4	1 2	0.428571 0.299652
DNMT3A	1 0	3 4	0.468156 0.596075
PTEN	0 0	1 4	0.571429 0.300338
SH2B3	1 2	1 4	0.2 0.42296
NRG1	1 1	4 7	0.241336 0.632606
SMAD4	0 2	1 2	0.441558 0.262787
U2AF1	0 0	4 5	0.433536 0.715109
CBFB	0 0	1 3	0.181818 0.479419
BCR	8 15	5 11	0.398034 0.373793
AKT1	1 2	1 8	0.162393 0.423388
DICER1	3 5	2 9	0.64886 0.437631
ERBB2	3 2	1 4	0.342857 0.165962
PDGFRB	5 5	3 9	0.327524 0.360529
DDR2	6 6	1 0	0.391304 -1
TNK2	1 1	5 5	0.487696 0.292068
MAP2K2	2 1	3 7	0.44127 0.348333
ROS1	2 7	2 11	0.454167 0.325509
BRCA1	0 6	1 10	0.2 0.35211
CALR	0 0	2 2	0.345833 0.438288
ATM	8 4	3 14	0.371483 0.276658
CBL	2 1	2 6	0.345823 0.228592
JAK1	1 2	7 8	0.562429 0.565324
PDGFRA	9 13	14 9	0.452994 0.327065
MAP2K1	1 1	2 2	0.439272 0.501012
BRCA2	10 8	4 3	0.307946 0.357661
HRAS	0 1	1 3	0.186916 0.240243
GNAS	1 6	1 2	0.486486 0.20068
MUTYH	1 3	2 1	0.508061 0.666667
KMT2A	1 0	1 6	0.846154 0.142103
MSH2	1 3	5 6	0.539059 0.369963
KDR	5 2	5 8	0.498481 0.308805
CHEK2	0 1	5 2	0.378413 0.500957

4-th reference
GNAI2	0 1	1 1	0.253165 0.261905
TET2	1 2	2 1	0.48588 0.488889
PAK7	1 5	4 1	0.612701 0.430769
FGFR2	2 2	1 3	0.020979 0.431582
RRAS2	0 0	1 1	0.322314 0.722222
STAT3	0 2	2 3	0.356838 0.433009
SRC	2 2	2 5	0.480122 0.471519
ROCK1	0 0	2 10	0.135479 0.305642
KIR3DL3	0 5	3 11	0.424281 0.509196
ALK	11 13	5 14	0.345379 0.488605
ERBB3	0 0	3 9	0.684535 0.386288
SF3B1	4 7	7 4	0.430763 0.42376
RAC1	2 0	2 7	0.479348 0.419858
TRRAP	8 3	4 4	0.280526 0.265512
PRKCD	7 4	3 4	0.562647 0.478568
TYK2	1 0	5 5	0.474618 0.317648
CTNNB1	1 2	1 0	0.810811 -1
FGFR4	10 11	1 5	0.257143 0.405647
FRK	2 0	5 5	0.331716 0.360726
EGFR	3 3	4 9	0.705395 0.430648
TTK	9 0	5 12	0.458582 0.440453
MTOR	6 3	1 4	0.75 0.282547
EPHA5	4 3	3 6	0.451919 0.50385
SRSF2	2 3	1 0	0.0119048 -1
PMS2	4 6	3 6	0.528923 0.29568
RIT1	4 0	1 2	0.455621 0.461573
CD274	0 4	1 0	0.559006 -1
NF1	3 1	14 12	0.387294 0.362339
TEK	8 8	13 15	0.513827 0.475037
ETV6	1 0	1 1	0.623288 0.413793
NFKBIA	0 0	1 1	0.636364 0.4
ESR1	5 2	4 1	0.345835 0.403509
CSF1R	8 7	3 2	0.432231 0.401515
PIK3R1	2 2	4 5	0.669422 0.458253
KIT	0 1	3 2	0.502163 0.384266
BARD1	3 7	4 7	0.639024 0.460755
RAF1	2 3	1 0	0.851351 -1
FGFR3	2 1	1 3	0.83871 0.276194
PRKACA	0 0	1 1	0.464789 0.650602
MLH1	0 1	1 4	0.817073 0.51278
SMO	8 2	2 10	0.552609 0.482527
RUNX1	1 0	1 2	0.44 0.568543
EPHA2	1 8	2 7	0.225242 0.491529
ASXL1	3 3	6 1	0.432362 0.527778
NFKB2	3 2	3 5	0.287233 0.288159
TGFBR2	0 1	2 0	0.786341 -1
RET	4 8	8 7	0.272598 0.243759
PRKCG	3 3	1 3	0.465517 0.327923
RB1	7 1	1 10	0.181818 0.546917
MYC	0 0	1 3	0.730769 0.348174
JAK3	6 0	2 6	0.640114 0.361123
FLT3	5 6	11 7	0.493768 0.38169
STK11	6 1	2 4	0.479167 0.395592
CARD11	5 14	10 19	0.392476 0.424044
TP53	4 6	1 1	0.646707 0.5
SETBP1	3 1	1 1	0.0176471 0.181818
IGF1R	6 2	3 10	0.236214 0.484998
BAX	2 3	1 1	0.428571 0.297297
DNMT3A	1 1	3 6	0.468156 0.344286
PTEN	0 0	1 3	0.571429 0.337494
AXL	2 2	7 5	0.563741 0.451109
SH2B3	1 2	1 3	0.2 0.516493
NRG1	1 0	4 7	0.241336 0.584492
SMAD4	0 0	1 2	0.441558 0.443878
CBFB	0 0	1 2	0.181818 0.312107
BCR	8 6	5 10	0.398034 0.429151
AKT1	1 3	1 10	0.162393 0.534742
DICER1	3 4	2 1	0.64886 0.297297
ERBB2	3 0	1 1	0.342857 0.131579
PDGFRB	5 4	3 5	0.327524 0.395556
DDR2	6 7	1 0	0.391304 -1
TNK2	1 1	5 8	0.487696 0.278975
MAP2K2	2 4	3 2	0.44127 0.184659
ROS1	2 6	2 7	0.454167 0.454772
BRCA1	0 3	1 2	0.2 0.511325
CALR	0 0	2 3	0.345833 0.42311
ATM	8 9	3 21	0.371483 0.330294
CBL	2 2	2 2	0.345823 0.0710486
JAK1	1 3	7 7	0.562429 0.481316
PDGFRA	9 4	14 11	0.452994 0.468443
MAP2K1	1 2	2 1	0.439272 0.604167
BRCA2	10 6	4 2	0.307946 0.505245
HRAS	0 1	1 1	0.186916 0.508475
GNAS	1 5	1 3	0.486486 0.52416
MUTYH	1 2	2 0	0.508061 -1
KMT2A	1 1	1 6	0.846154 0.262894
MSH2	1 3	5 7	0.539059 0.313412
KDR	5 5	5 7	0.498481 0.483585
CHEK2	0 0	5 2	0.378413 0.454886

5-th reference
GNAI2	0 0	1 3	0.253165 0.195735
TET2	1 0	2 2	0.48588 0.472706
PAK7	1 1	4 6	0.612701 0.487393
FGFR2	2 2	1 3	0.020979 0.390041
RRAS2	0 1	1 1	0.322314 0.12963
STAT3	0 0	2 10	0.356838 0.311525
SRC	2 5	2 1	0.480122 0.581818
ROCK1	0 1	2 5	0.135479 0.277874
KIR3DL3	0 5	3 4	0.424281 0.395214
ALK	11 11	5 12	0.345379 0.480702
ERBB3	0 1	3 0	0.684535 -1
SF3B1	4 4	7 6	0.430763 0.369004
RAC1	2 2	2 5	0.479348 0.312176
TRRAP	8 8	4 9	0.280526 0.484554
PRKCD	7 6	3 5	0.562647 0.091484
TYK2	1 5	5 6	0.474618 0.31005
CTNNB1	1 1	1 0	0.810811 -1
FGFR4	10 4	1 7	0.257143 0.538388
FRK	2 2	5 1	0.331716 0.826923
EGFR	3 3	4 9	0.705395 0.463155
TTK	9 0	5 7	0.458582 0.203227
MTOR	6 7	1 0	0.75 -1
EPHA5	4 3	3 6	0.451919 0.672268
SRSF2	2 2	1 2	0.0119048 0.472888
PMS2	4 5	3 3	0.528923 0.311254
RIT1	4 2	1 2	0.455621 0.797842
CD274	0 1	1 3	0.559006 0.384788
NF1	3 2	14 7	0.387294 0.507518
TEK	8 10	13 9	0.513827 0.430955
ETV6	1 0	1 3	0.623288 0.258335
NFKBIA	0 0	1 1	0.636364 0.162791
ESR1	5 4	4 2	0.345835 0.259907
CSF1R	8 7	3 4	0.432231 0.558615
PIK3R1	2 3	4 5	0.669422 0.692989
KIT	0 3	3 2	0.502163 0.552874
BARD1	3 12	4 2	0.639024 0.227951
RAF1	2 2	1 3	0.851351 0.575443
FGFR3	2 1	1 5	0.83871 0.427518
PRKACA	0 0	1 2	0.464789 0.269134
MLH1	0 1	1 5	0.817073 0.702027
SMO	8 1	2 4	0.552609 0.399089
RUNX1	1 1	1 1	0.44 0.846154
EPHA2	1 2	2 2	0.225242 0.527273
ASXL1	3 3	6 2	0.432362 0.318841
NFKB2	3 4	3 8	0.287233 0.451639
TGFBR2	0 4	2 0	0.786341 -1
RET	4 8	8 5	0.272598 0.236674
PRKCG	3 2	1 7	0.465517 0.385759
RB1	7 9	1 5	0.181818 0.517939
MYC	0 0	1 1	0.730769 0.0336134
JAK3	6 0	2 14	0.640114 0.272816
FLT3	5 4	11 6	0.493768 0.589572
STK11	6 3	2 4	0.479167 0.573011
CARD11	5 14	10 23	0.392476 0.43605
TP53	4 6	1 1	0.646707 0.710526
SETBP1	3 1	1 3	0.0176471 0.380643
IGF1R	6 4	3 8	0.236214 0.420116
BAX	2 2	1 5	0.428571 0.283701
DNMT3A	1 1	3 6	0.468156 0.429958
PTEN	0 1	1 3	0.571429 0.2074
AXL	2 2	7 2	0.563741 0.380475
SH2B3	1 2	1 3	0.2 0.184789
NRG1	1 2	4 5	0.241336 0.366735
SMAD4	0 0	1 5	0.441558 0.30658
U2AF1	0 1	4 7	0.433536 0.439465
CBFB	0 0	1 3	0.181818 0.178385
BCR	8 6	5 11	0.398034 0.327394
AKT1	1 0	1 10	0.162393 0.233282
DICER1	3 4	2 3	0.64886 0.174198
ERBB2	3 0	1 8	0.342857 0.0688331
PDGFRB	5 1	3 6	0.327524 0.326448
DDR2	6 6	1 1	0.391304 0.141176
TNK2	1 0	5 11	0.487696 0.352577
MAP2K2	2 5	3 1	0.44127 0.157895
ROS1	2 11	2 11	0.454167 0.347236
BRCA1	0 7	1 7	0.2 0.149742
CALR	0 3	2 2	0.345833 0.248214
ATM	8 5	3 18	0.371483 0.392932
CBL	2 2	2 4	0.345823 0.228879
JAK1	1 2	7 8	0.562429 0.494521
PDGFRA	9 8	14 12	0.452994 0.462051
MAP2K1	1 2	2 1	0.439272 0.142857
BRCA2	10 10	4 2	0.307946 0.0793651
HRAS	0 1	1 3	0.186916 0.179896
GNAS	1 3	1 3	0.486486 0.319267
MUTYH	1 3	2 1	0.508061 0.625
KMT2A	1 1	1 6	0.846154 0.260007
MSH2	1 5	5 9	0.539059 0.268275
KDR	5 3	5 6	0.498481 0.226107
CHEK2	0 1	5 3	0.378413 0.100891

6-th reference
GNAI2	0 0	1 6	0.253165 0.177913
TET2	1 1	2 1	0.48588 0.147059
PAK7	1 1	4 6	0.612701 0.4234
FGFR2	2 2	1 2	0.020979 0.226987
RRAS2	0 0	1 1	0.322314 0.363636
STAT3	0 3	2 3	0.356838 0.195835
SRC	2 3	2 7	0.480122 0.182901
ROCK1	0 0	2 2	0.135479 0.25159
KIR3DL3	0 0	3 6	0.424281 0.390465
ALK	11 13	5 13	0.345379 0.354531
ERBB3	0 1	3 10	0.684535 0.231501
FGFR1	0 1	1 9	0.674419 0.101143
SF3B1	4 4	7 7	0.430763 0.378353
RAC1	2 2	2 3	0.479348 0.45307
TRRAP	8 9	4 11	0.280526 0.217706
PRKCD	7 7	3 6	0.562647 0.299671
TYK2	1 3	5 8	0.474618 0.282745
CTNNB1	1 3	1 1	0.810811 0.547619
FGFR4	10 4	1 11	0.257143 0.370985
FRK	2 4	5 0	0.331716 -1
EGFR	3 6	4 16	0.705395 0.287999
TTK	9 10	5 7	0.458582 0.538961
MTOR	6 8	1 4	0.75 0.161362
EPHA5	4 4	3 6	0.451919 0.354032
SRSF2	2 3	1 2	0.0119048 0.225107
PMS2	4 5	3 4	0.528923 0.340902
RIT1	4 0	1 7	0.455621 0.407378
CD274	0 0	1 2	0.559006 0.484954
NF1	3 10	14 8	0.387294 0.327442
TEK	8 9	13 7	0.513827 0.416168
ETV6	1 0	1 2	0.623288 0.316206
NFKBIA	0 1	1 4	0.636364 0.235528
ESR1	5 5	4 2	0.345835 0.130383
CSF1R	8 4	3 7	0.432231 0.307445
PIK3R1	2 1	4 4	0.669422 0.432168
KIT	0 1	3 2	0.502163 0.341991
BARD1	3 7	4 1	0.639024 0.52
RAF1	2 2	1 2	0.851351 0.271739
FGFR3	2 3	1 10	0.83871 0.283823
PRKACA	0 1	1 3	0.464789 0.144988
MLH1	0 1	1 7	0.817073 0.444631
SMO	8 6	2 9	0.552609 0.255019
RUNX1	1 1	1 3	0.44 0.38066
EPHA2	1 7	2 8	0.225242 0.27254
ASXL1	3 2	6 3	0.432362 0.292487
NFKB2	3 4	3 18	0.287233 0.206642
TGFBR2	0 0	2 3	0.786341 0.479974
RET	4 9	8 18	0.272598 0.2026
PRKCG	3 3	1 6	0.465517 0.265102
RB1	7 10	1 4	0.181818 0.170626
MYC	0 2	1 1	0.730769 0.12069
JAK3	6 1	2 14	0.640114 0.366554
FLT3	5 5	11 10	0.493768 0.531509
STK11	6 1	2 11	0.479167 0.328175
CARD11	5 8	10 10	0.392476 0.228372
TP53	4 1	1 3	0.646707 0.523693
SETBP1	3 1	1 1	0.0176471 0.461538
IGF1R	6 4	3 8	0.236214 0.33463
BAX	2 2	1 3	0.428571 0.281381
DNMT3A	1 1	3 13	0.468156 0.289122
PTEN	0 0	1 5	0.571429 0.315684
AXL	2 3	7 5	0.563741 0.0726359
SH2B3	1 0	1 2	0.2 0.181985
NRG1	1 1	4 5	0.241336 0.636516
SMAD4	0 1	1 0	0.441558 -1
U2AF1	0 0	4 1	0.433536 0.204082
BCR	8 6	5 22	0.398034 0.407513
AKT1	1 2	1 5	0.162393 0.252387
DICER1	3 3	2 3	0.64886 0.395606
ERBB2	3 2	1 8	0.342857 0.274057
PDGFRB	5 6	3 13	0.327524 0.320165
DDR2	6 6	1 0	0.391304 -1
TNK2	1 0	5 11	0.487696 0.253193
MAP2K2	2 5	3 1	0.44127 0.16
ROS1	2 8	2 5	0.454167 0.433346
BRCA1	0 16	1 0	0.2 -1
CALR	0 1	2 1	0.345833 0.163265
ATM	8 12	3 5	0.371483 0.497315
CBL	2 1	2 4	0.345823 0.288743
JAK1	1 3	7 8	0.562429 0.370982
PDGFRA	9 18	14 3	0.452994 0.292674
MAP2K1	1 0	2 4	0.439272 0.381279
BRCA2	10 8	4 5	0.307946 0.401639
HRAS	0 3	1 0	0.186916 -1
GNAS	1 2	1 22	0.486486 0.095582
MUTYH	1 3	2 1	0.508061 0.0731707
KMT2A	1 1	1 7	0.846154 0.301804
MSH2	1 0	5 10	0.539059 0.408775
KDR	5 6	5 6	0.498481 0.288719
CHEK2	0 1	5 4	0.378413 0.240553

7-th reference
GNAI2	0 0	1 6	0.253165 0.297267
TET2	1 2	2 1	0.48588 0.214286
PAK7	1 1	4 5	0.612701 0.469911
FGFR2	2 2	1 3	0.020979 0.359934
RRAS2	0 1	1 3	0.322314 0.266122
STAT3	0 0	2 3	0.356838 0.442217
SRC	2 2	2 0	0.480122 -1
ROCK1	0 0	2 4	0.135479 0.141868
KIR3DL3	0 3	3 1	0.424281 0.538462
ALK	11 12	5 7	0.345379 0.450398
ERBB3	0 2	3 3	0.684535 0.122174
FGFR1	0 1	1 29	0.674419 0.055614
SF3B1	4 5	7 8	0.430763 0.330244
RAC1	2 0	2 3	0.479348 0.143333
TRRAP	8 7	4 18	0.280526 0.401725
PRKCD	7 6	3 4	0.562647 0.54452
TYK2	1 0	5 5	0.474618 0.145115
CTNNB1	1 1	1 0	0.810811 -1
FGFR4	10 11	1 7	0.257143 0.237076
FRK	2 2	5 2	0.331716 0.310135
EGFR	3 6	4 7	0.705395 0.56668
TTK	9 0	5 12	0.458582 0.585967
MTOR	6 7	1 16	0.75 0.810487
EPHA5	4 3	3 7	0.451919 0.391052
SRSF2	2 2	1 1	0.0119048 0.173913
PMS2	4 3	3 1	0.528923 0.515152
RIT1	4 2	1 1	0.455621 0.170213
CD274	0 0	1 2	0.559006 0.507543
NF1	3 2	14 19	0.387294 0.375937
TEK	8 1	13 8	0.513827 0.565831
ETV6	1 1	1 3	0.623288 0.389007
NFKBIA	0 1	1 8	0.636364 0.279465
ESR1	5 5	4 1	0.345835 0.31068
CSF1R	8 6	3 9	0.432231 0.417733
PIK3R1	2 3	4 3	0.669422 0.206547
KIT	0 0	3 4	0.502163 0.41437
BARD1	3 9	4 5	0.639024 0.545416
RAF1	2 2	1 0	0.851351 -1
FGFR3	2 3	1 11	0.83871 0.282882
PRKACA	0 0	1 1	0.464789 0.230769
MLH1	0 1	1 3	0.817073 0.226586
SMO	8 3	2 10	0.552609 0.414564
RUNX1	1 0	1 3	0.44 0.348125
EPHA2	1 8	2 2	0.225242 0.492424
ASXL1	3 4	6 1	0.432362 0.0597015
NFKB2	3 5	3 5	0.287233 0.153412
TGFBR2	0 0	2 1	0.786341 0.821429
RET	4 5	8 21	0.272598 0.315908
PRKCG	3 2	1 4	0.465517 0.288424
RB1	7 9	1 6	0.181818 0.227694
MYC	0 2	1 2	0.730769 0.0315377
JAK3	6 1	2 12	0.640114 0.586461
FLT3	5 2	11 13	0.493768 0.818542
STK11	6 0	2 3	0.479167 0.14205
CARD11	5 5	10 5	0.392476 0.0657707
TP53	4 6	1 4	0.646707 0.552806
SETBP1	3 1	1 7	0.0176471 0.26366
IGF1R	6 3	3 4	0.236214 0.718677
BAX	2 2	1 4	0.428571 0.266609
DNMT3A	1 3	3 4	0.468156 0.137899
PTEN	0 2	1 4	0.571429 0.237951
AXL	2 1	7 3	0.563741 0.247653
SH2B3	1 1	1 2	0.2 0.559605
NRG1	1 2	4 0	0.241336 -1
SMAD4	0 1	1 2	0.441558 0.388043
U2AF1	0 5	4 2	0.433536 0.116132
CBFB	0 0	1 1	0.181818 0.184211
BCR	8 6	5 9	0.398034 0.41428
AKT1	1 3	1 7	0.162393 0.339632
DICER1	3 3	2 4	0.64886 0.175163
ERBB2	3 4	1 7	0.342857 0.360302
PDGFRB	5 7	3 9	0.327524 0.250948
DDR2	6 5	1 0	0.391304 -1
TNK2	1 0	5 6	0.487696 0.382734
MAP2K2	2 4	3 1	0.44127 0.269231
ROS1	2 8	2 9	0.454167 0.406759
BRCA1	0 0	1 1	0.2 0.3375
CALR	0 0	2 2	0.345833 0.490909
ATM	8 13	3 7	0.371483 0.368992
CBL	2 2	2 1	0.345823 0.125
JAK1	1 2	7 8	0.562429 0.581489
PDGFRA	9 11	14 4	0.452994 0.244936
MAP2K1	1 2	2 0	0.439272 -1
BRCA2	10 4	4 9	0.307946 0.204446
HRAS	0 0	1 1	0.186916 0.0625
GNAS	1 2	1 2	0.486486 0.346787
MUTYH	1 3	2 2	0.508061 0.198033
KMT2A	1 0	1 5	0.846154 0.407323
MSH2	1 3	5 9	0.539059 0.368246
KDR	5 6	5 0	0.498481 -1
CHEK2	0 1	5 2	0.378413 0.550272

8-th reference
GNAI2	0 0	1 2	0.253165 0.23671
TET2	1 1	2 1	0.48588 0.228571
PAK7	1 1	4 10	0.612701 0.27741
FGFR2	2 2	1 5	0.020979 0.416671
RRAS2	0 0	1 2	0.322314 0.228696
STAT3	0 1	2 1	0.356838 0.128205
SRC	2 2	2 3	0.480122 0.391447
ROCK1	0 0	2 8	0.135479 0.219238
KIR3DL3	0 1	3 8	0.424281 0.500864
ALK	11 10	5 15	0.345379 0.386341
ERBB3	0 0	3 7	0.684535 0.276886
FGFR1	0 0	1 4	0.674419 0.228761
SF3B1	4 6	7 4	0.430763 0.444976
RAC1	2 0	2 5	0.479348 0.206756
TRRAP	8 10	4 7	0.280526 0.189835
PRKCD	7 7	3 3	0.562647 0.352727
TYK2	1 2	5 9	0.474618 0.332393
CTNNB1	1 1	1 5	0.810811 0.31333
FGFR4	10 10	1 4	0.257143 0.157319
FRK	2 1	5 1	0.331716 0.571429
EGFR	3 3	4 6	0.705395 0.205975
TTK	9 0	5 14	0.458582 0.46163
MTOR	6 11	1 6	0.75 0.138189
SRSF2	2 2	1 1	0.0119048 0.125
PMS2	4 5	3 4	0.528923 0.503591
RIT1	4 2	1 1	0.455621 0.268657
CD274	0 1	1 0	0.559006 -1
NF1	3 11	14 9	0.387294 0.293118
TEK	8 10	13 11	0.513827 0.370454
ETV6	1 1	1 3	0.623288 0.196227
NFKBIA	0 2	1 4	0.636364 0.319838
ESR1	5 6	4 2	0.345835 0.124643
CSF1R	8 7	3 5	0.432231 0.427436
PIK3R1	2 4	4 3	0.669422 0.440909
KIT	0 1	3 3	0.502163 0.192337
BARD1	3 9	4 8	0.639024 0.494253
RAF1	2 2	1 2	0.851351 0.405682
FGFR3	2 1	1 6	0.83871 0.366282
MLH1	0 0	1 2	0.817073 0.422727
SMO	8 5	2 4	0.552609 0.577258
RUNX1	1 0	1 2	0.44 0.444654
EPHA2	1 4	2 4	0.225242 0.276147
ASXL1	3 3	6 10	0.432362 0.324446
NFKB2	3 4	3 2	0.287233 0.190476
TGFBR2	0 2	2 2	0.786341 0.452153
RET	4 2	8 7	0.272598 0.376089
PRKCG	3 1	1 3	0.465517 0.146578
RB1	7 8	1 3	0.181818 0.424143
MYC	0 0	1 1	0.730769 0.404762
JAK3	6 0	2 17	0.640114 0.397864
FLT3	5 10	11 7	0.493768 0.640594
STK11	6 1	2 5	0.479167 0.458724
CARD11	5 5	10 6	0.392476 0.263205
TP53	4 5	1 1	0.646707 0.25
SETBP1	3 1	1 2	0.0176471 0.298993
IGF1R	6 9	3 199	0.236214 0.047621
BAX	2 3	1 2	0.428571 0.419956
DNMT3A	1 0	3 14	0.468156 0.376637
PTEN	0 1	1 1	0.571429 0.102041
AXL	2 1	7 3	0.563741 0.169578
SH2B3	1 3	1 5	0.2 0.203718
NRG1	1 1	4 6	0.241336 0.457686
SMAD4	0 2	1 2	0.441558 0.392857
U2AF1	0 4	4 1	0.433536 0.380952
CBFB	0 0	1 1	0.181818 0.228571
BCR	8 8	5 9	0.398034 0.315439
AKT1	1 1	1 5	0.162393 0.391162
DICER1	3 2	2 5	0.64886 0.242765
ERBB2	3 1	1 7	0.342857 0.156733
PDGFRB	5 0	3 9	0.327524 0.547333
DDR2	6 6	1 3	0.391304 0.167107
TNK2	1 0	5 7	0.487696 0.36082
MAP2K2	2 2	3 5	0.44127 0.267546
ROS1	2 3	2 12	0.454167 0.378739
BRCA1	0 1	1 3	0.2 0.178604
ATM	8 2	3 12	0.371483 0.218781
CBL	2 2	2 6	0.345823 0.21036
JAK1	1 9	7 2	0.562429 0.195226
PDGFRA	9 11	14 3	0.452994 0.206051
MAP2K1	1 1	2 6	0.439272 0.405666
BRCA2	10 9	4 4	0.307946 0.384184
GNAS	1 1	1 1	0.486486 0.170213
MUTYH	1 3	2 1	0.508061 0.177778
KMT2A	1 2	1 13	0.846154 0.243935
MSH2	1 0	5 5	0.539059 0.308156
KDR	5 4	5 6	0.498481 0.471947
CHEK2	0 0	5 5	0.378413 0.304707

9-th reference
GNAI2	0 0	1 2	0.253165 0.33908
PAK7	1 1	4 1	0.612701 0.163265
FGFR2	2 4	1 4	0.020979 0.106898
RRAS2	0 1	1 1	0.322314 0.285714
STAT3	0 2	2 4	0.356838 0.273498
SRC	2 2	2 3	0.480122 0.323288
ROCK1	0 0	2 3	0.135479 0.25056
KIR3DL3	0 5	3 8	0.424281 0.318362
ALK	11 10	5 12	0.345379 0.410246
ERBB3	0 1	3 6	0.684535 0.147015
FGFR1	0 2	1 3	0.674419 0.091425
SF3B1	4 3	7 1	0.430763 0.27451
RAC1	2 0	2 8	0.479348 0.274173
TRRAP	8 9	4 16	0.280526 0.219267
PRKCD	7 7	3 2	0.562647 0.525
TYK2	1 1	5 11	0.474618 0.510696
CTNNB1	1 2	1 4	0.810811 0.21578
FGFR4	10 1	1 8	0.257143 0.410359
FRK	2 3	5 2	0.331716 0.330891
EGFR	3 1	4 11	0.705395 0.374481
TTK	9 0	5 15	0.458582 0.4173
MTOR	6 11	1 10	0.75 0.181158
EPHA5	4 5	3 7	0.451919 0.417432
SRSF2	2 2	1 0	0.0119048 -1
PMS2	4 3	3 5	0.528923 0.24428
RIT1	4 2	1 0	0.455621 -1
CD274	0 0	1 1	0.559006 0.442308
NF1	3 10	14 9	0.387294 0.315956
TEK	8 5	13 14	0.513827 0.453178
ETV6	1 0	1 3	0.623288 0.386053
NFKBIA	0 0	1 3	0.636364 0.522727
ESR1	5 5	4 1	0.345835 0.142857
CSF1R	8 2	3 10	0.432231 0.376691
PIK3R1	2 2	4 2	0.669422 0.121368
KIT	0 1	3 4	0.502163 0.337669
BARD1	3 8	4 10	0.639024 0.429419
RAF1	2 1	1 2	0.851351 0.33
FGFR3	2 1	1 1	0.83871 0.166667
PRKACA	0 0	1 6	0.464789 0.201082
MLH1	0 0	1 3	0.817073 0.291151
SMO	8 9	2 8	0.552609 0.41843
RUNX1	1 0	1 5	0.44 0.297035
EPHA2	1 3	2 3	0.225242 0.177601
ASXL1	3 2	6 1	0.432362 0.228571
NFKB2	3 4	3 3	0.287233 0.165895
TGFBR2	0 0	2 3	0.786341 0.361072
RET	4 8	8 4	0.272598 0.296322
PRKCG	3 2	1 4	0.465517 0.273636
RB1	7 8	1 6	0.181818 0.437075
JAK3	6 3	2 14	0.640114 0.288802
FLT3	5 9	11 8	0.493768 0.493209
STK11	6 1	2 3	0.479167 0.408365
CARD11	5 4	10 21	0.392476 0.363348
TP53	4 3	1 1	0.646707 0.55
SETBP1	3 2	1 1	0.0176471 0.2
IGF1R	6 6	3 4	0.236214 0.359614
BAX	2 2	1 2	0.428571 0.571429
DNMT3A	1 1	3 11	0.468156 0.335889
PTEN	0 0	1 1	0.571429 0.109375
AXL	2 1	7 4	0.563741 0.298417
SH2B3	1 0	1 3	0.2 0.248147
NRG1	1 1	4 3	0.241336 0.320635
SMAD4	0 1	1 2	0.441558 0.133013
U2AF1	0 0	4 6	0.433536 0.549945
CBFB	0 0	1 2	0.181818 0.185606
BCR	8 8	5 13	0.398034 0.388629
AKT1	1 3	1 7	0.162393 0.42678
DICER1	3 4	2 1	0.64886 0.215686
ERBB2	3 2	1 8	0.342857 0.293106
PDGFRB	5 4	3 11	0.327524 0.331718
DDR2	6 8	1 1	0.391304 0.181818
TNK2	1 1	5 12	0.487696 0.303553
MAP2K2	2 4	3 6	0.44127 0.219537
ROS1	2 4	2 11	0.454167 0.429297
BRCA1	0 1	1 3	0.2 0.280534
CALR	0 0	2 3	0.345833 0.267311
ATM	8 15	3 7	0.371483 0.176493
CBL	2 3	2 3	0.345823 0.735146
JAK1	1 3	7 9	0.562429 0.372464
PDGFRA	9 11	14 2	0.452994 0.57381
MAP2K1	1 2	2 2	0.439272 0.165459
BRCA2	10 9	4 3	0.307946 0.359946
HRAS	0 0	1 3	0.186916 0.430871
GNAS	1 1	1 3	0.486486 0.198134
MUTYH	1 3	2 1	0.508061 0.105263
KMT2A	1 1	1 8	0.846154 0.167243
MSH2	1 0	5 9	0.539059 0.445948
KDR	5 7	5 10	0.498481 0.421045
CHEK2	0 0	5 4	0.378413 0.397292

10-th reference
GNAI2	0 0	1 3	0.253165 0.318519
TET2	1 0	2 1	0.48588 0.454545
PAK7	1 1	4 4	0.612701 0.505929
FGFR2	2 4	1 0	0.020979 -1
RRAS2	0 1	1 0	0.322314 -1
STAT3	0 1	2 4	0.356838 0.438547
SRC	2 3	2 4	0.480122 0.17708
ROCK1	0 0	2 4	0.135479 0.223934
KIR3DL3	0 0	3 3	0.424281 0.302469
ALK	11 11	5 8	0.345379 0.452604
ERBB3	0 1	3 1	0.684535 0.222222
FGFR1	0 1	1 0	0.674419 -1
SF3B1	4 4	7 4	0.430763 0.376289
RAC1	2 0	2 2	0.479348 0.149457
TRRAP	8 0	4 17	0.280526 0.386678
PRKCD	7 6	3 5	0.562647 0.559642
TYK2	1 2	5 10	0.474618 0.367953
CTNNB1	1 1	1 1	0.810811 0.181818
FGFR4	10 0	1 1	0.257143 0.15625
FRK	2 0	5 4	0.331716 0.471414
EGFR	3 1	4 6	0.705395 0.424936
TTK	9 0	5 1	0.458582 0.777778
MTOR	6 3	1 1	0.75 0.157895
EPHA5	4 3	3 3	0.451919 0.357899
PMS2	4 2	3 1	0.528923 0.5625
RIT1	4 2	1 3	0.455621 0.395938
CD274	0 0	1 1	0.559006 0.487179
NF1	3 10	14 2	0.387294 0.282258
TEK	8 6	13 6	0.513827 0.442725
ETV6	1 0	1 1	0.623288 0.102041
NFKBIA	0 1	1 5	0.636364 0.454384
ESR1	5 3	4 1	0.345835 0.5
CSF1R	8 5	3 9	0.432231 0.513064
PIK3R1	2 1	4 4	0.669422 0.255097
KIT	0 0	3 3	0.502163 0.349425
BARD1	3 9	4 6	0.639024 0.356283
RAF1	2 2	1 2	0.851351 0.292609
FGFR3	2 1	1 3	0.83871 0.196188
PRKACA	0 0	1 1	0.464789 0.424242
MLH1	0 0	1 8	0.817073 0.497791
SMO	8 5	2 5	0.552609 0.444588
RUNX1	1 0	1 4	0.44 0.275835
EPHA2	1 0	2 2	0.225242 0.212366
ASXL1	3 3	6 4	0.432362 0.457206
NFKB2	3 3	3 5	0.287233 0.339323
TGFBR2	0 0	2 2	0.786341 0.658771
RET	4 9	8 9	0.272598 0.261602
PRKCG	3 2	1 2	0.465517 0.392663
RB1	7 6	1 0	0.181818 -1
MYC	0 1	1 1	0.730769 0.166667
JAK3	6 0	2 4	0.640114 0.449314
FLT3	5 4	11 10	0.493768 0.532201
STK11	6 1	2 5	0.479167 0.497214
CARD11	5 3	10 0	0.392476 -1
TP53	4 3	1 3	0.646707 0.417778
SETBP1	3 2	1 0	0.0176471 -1
IGF1R	6 6	3 5	0.236214 0.554325
BAX	2 3	1 0	0.428571 -1
DNMT3A	1 0	3 6	0.468156 0.360714
PTEN	0 0	1 1	0.571429 0.5
AXL	2 2	7 4	0.563741 0.288484
NRG1	1 2	4 1	0.241336 0.509804
U2AF1	0 3	4 1	0.433536 0.217391
BCR	8 8	5 10	0.398034 0.323572
AKT1	1 6	1 7	0.162393 0.375136
DICER1	3 1	2 3	0.64886 0.452263
ERBB2	3 4	1 56	0.342857 0.0500291
PDGFRB	5 9	3 8	0.327524 0.435529
DDR2	6 6	1 2	0.391304 0.537381
TNK2	1 0	5 6	0.487696 0.437701
MAP2K2	2 1	3 6	0.44127 0.398948
ROS1	2 4	2 5	0.454167 0.408045
BRCA1	0 1	1 1	0.2 0.5625
CALR	0 0	2 3	0.345833 0.280278
ATM	8 2	3 3	0.371483 0.361111
CBL	2 0	2 4	0.345823 0.442233
JAK1	1 10	7 2	0.562429 0.168581
PDGFRA	9 10	14 13	0.452994 0.52248
MAP2K1	1 1	2 4	0.439272 0.375714
BRCA2	10 8	4 1	0.307946 0.581395
HRAS	0 1	1 3	0.186916 0.237892
GNAS	1 3	1 2	0.486486 0.467532
MUTYH	1 2	2 0	0.508061 -1
KMT2A	1 1	1 2	0.846154 0.176383
MSH2	1 0	5 3	0.539059 0.288499
KDR	5 2	5 6	0.498481 0.408888
CHEK2	0 1	5 0	0.378413 -1

11-th reference
GNAI2	0 0	1 5	0.253165 0.286911
TET2	1 1	2 1	0.48588 0.574468
PAK7	1 4	4 3	0.612701 0.233557
FGFR2	2 4	1 1	0.020979 0.185185
RRAS2	0 1	1 2	0.322314 0.39742
STAT3	0 1	2 5	0.356838 0.259686
SRC	2 2	2 3	0.480122 0.186797
ROCK1	0 0	2 4	0.135479 0.190121
KIR3DL3	0 3	3 6	0.424281 0.601349
ALK	11 11	5 6	0.345379 0.294338
ERBB3	0 1	3 2	0.684535 0.125524
FGFR1	0 1	1 5	0.674419 0.172471
SF3B1	4 6	7 6	0.430763 0.381842
RAC1	2 3	2 2	0.479348 0.707108
TRRAP	8 9	4 10	0.280526 0.223762
PRKCD	7 7	3 4	0.562647 0.387237
TYK2	1 0	5 2	0.474618 0.172697
CTNNB1	1 4	1 2	0.810811 0.355739
FGFR4	10 5	1 11	0.257143 0.433875
FRK	2 3	5 2	0.331716 0.215127
EGFR	3 6	4 12	0.705395 0.406735
TTK	9 12	5 0	0.458582 -1
MTOR	6 7	1 10	0.75 0.314274
EPHA5	4 2	3 5	0.451919 0.469108
SRSF2	2 2	1 0	0.0119048 -1
PMS2	4 3	3 4	0.528923 0.410484
RIT1	4 2	1 0	0.455621 -1
CD274	0 0	1 2	0.559006 0.469231
NF1	3 2	14 21	0.387294 0.355776
TEK	8 12	13 16	0.513827 0.46835
ETV6	1 0	1 3	0.623288 0.267102
NFKBIA	0 4	1 1	0.636364 0.73913
ESR1	5 5	4 3	0.345835 0.293888
CSF1R	8 2	3 12	0.432231 0.319394
PIK3R1	2 4	4 6	0.669422 0.341381
KIT	0 1	3 4	0.502163 0.232868
BARD1	3 7	4 9	0.639024 0.485435
RAF1	2 3	1 3	0.851351 0.181919
FGFR3	2 2	1 6	0.83871 0.293293
PRKACA	0 0	1 2	0.464789 0.349206
MLH1	0 1	1 6	0.817073 0.469907
SMO	8 8	2 4	0.552609 0.409971
RUNX1	1 0	1 3	0.44 0.513068
EPHA2	1 7	2 7	0.225242 0.188303
ASXL1	3 3	6 8	0.432362 0.340123
NFKB2	3 3	3 10	0.287233 0.263316
TGFBR2	0 0	2 2	0.786341 0.174595
RET	4 11	8 9	0.272598 0.310062
PRKCG	3 4	1 8	0.465517 0.168772
RB1	7 8	1 3	0.181818 0.581
MYC	0 0	1 1	0.730769 0.0877193
JAK3	6 2	2 13	0.640114 0.473775
FLT3	5 4	11 11	0.493768 0.5056
STK11	6 0	2 3	0.479167 0.35133
CARD11	5 6	10 10	0.392476 0.321834
TP53	4 5	1 1	0.646707 0.653846
SETBP1	3 1	1 4	0.0176471 0.357123
IGF1R	6 6	3 9	0.236214 0.391324
BAX	2 3	1 0	0.428571 -1
DNMT3A	1 3	3 4	0.468156 0.234898
PTEN	0 0	1 2	0.571429 0.526099
AXL	2 4	7 13	0.563741 0.269119
SH2B3	1 0	1 4	0.2 0.273604
NRG1	1 1	4 1	0.241336 0.463415
SMAD4	0 2	1 2	0.441558 0.197843
U2AF1	0 4	4 4	0.433536 0.352415
CBFB	0 0	1 2	0.181818 0.183313
BCR	8 4	5 6	0.398034 0.268869
AKT1	1 2	1 9	0.162393 0.49508
DICER1	3 4	2 3	0.64886 0.28457
ERBB2	3 5	1 11	0.342857 0.182138
PDGFRB	5 5	3 8	0.327524 0.228693
DDR2	6 6	1 2	0.391304 0.207704
TNK2	1 0	5 8	0.487696 0.331291
MAP2K2	2 2	3 6	0.44127 0.274745
ROS1	2 9	2 15	0.454167 0.344524
BRCA1	0 0	1 3	0.2 0.126328
CALR	0 0	2 4	0.345833 0.267206
ATM	8 4	3 14	0.371483 0.430977
CBL	2 3	2 3	0.345823 0.119504
JAK1	1 3	7 7	0.562429 0.432018
PDGFRA	9 9	14 13	0.452994 0.537637
MAP2K1	1 1	2 4	0.439272 0.467449
BRCA2	10 11	4 3	0.307946 0.305322
HRAS	0 0	1 1	0.186916 0.181818
GNAS	1 2	1 2	0.486486 0.179144
MUTYH	1 2	2 2	0.508061 0.177471
KMT2A	1 0	1 10	0.846154 0.267299
MSH2	1 1	5 9	0.539059 0.404645
KDR	5 5	5 4	0.498481 0.339039
CHEK2	0 2	5 1	0.378413 0.25

12-th reference
GNAI2	0 0	1 3	0.253165 0.349386
TET2	1 0	2 1	0.48588 0.757576
PAK7	1 1	4 8	0.612701 0.375482
FGFR2	2 4	1 5	0.020979 0.168612
RRAS2	0 2	1 1	0.322314 0.279412
STAT3	0 0	2 3	0.356838 0.16586
SRC	2 2	2 3	0.480122 0.195571
ROCK1	0 0	2 7	0.135479 0.238425
KIR3DL3	0 0	3 2	0.424281 0.19375
ALK	11 11	5 10	0.345379 0.337703
ERBB3	0 0	3 12	0.684535 0.263989
FGFR1	0 0	1 4	0.674419 0.141531
SF3B1	4 5	7 8	0.430763 0.437833
RAC1	2 2	2 1	0.479348 0.176471
TRRAP	8 6	4 27	0.280526 0.333423
PRKCD	7 7	3 6	0.562647 0.37841
TYK2	1 1	5 10	0.474618 0.253203
CTNNB1	1 1	1 3	0.810811 0.201158
FGFR4	10 2	1 7	0.257143 0.290203
FRK	2 1	5 3	0.331716 0.425635
EGFR	3 1	4 7	0.705395 0.219451
TTK	9 11	5 3	0.458582 0.434476
MTOR	6 10	1 16	0.75 0.335043
EPHA5	4 6	3 2	0.451919 0.465278
SRSF2	2 2	1 0	0.0119048 -1
PMS2	4 3	3 4	0.528923 0.173831
RIT1	4 0	1 2	0.455621 0.615009
CD274	0 0	1 1	0.559006 0.763158
NF1	3 6	14 12	0.387294 0.464343
TEK	8 4	13 10	0.513827 0.500802
ETV6	1 0	1 4	0.623288 0.25529
NFKBIA	0 0	1 3	0.636364 0.449915
ESR1	5 2	4 3	0.345835 0.231742
CSF1R	8 5	3 12	0.432231 0.320809
PIK3R1	2 2	4 1	0.669422 0.233333
KIT	0 1	3 4	0.502163 0.215975
BARD1	3 13	4 2	0.639024 0.15911
RAF1	2 2	1 6	0.851351 0.268907
FGFR3	2 1	1 5	0.83871 0.195825
PRKACA	0 0	1 2	0.464789 0.172697
MLH1	0 1	1 9	0.817073 0.47238
SMO	8 8	2 3	0.552609 0.265064
RUNX1	1 0	1 3	0.44 0.270635
EPHA2	1 3	2 3	0.225242 0.239542
ASXL1	3 1	6 8	0.432362 0.367767
NFKB2	3 3	3 13	0.287233 0.248489
TGFBR2	0 0	2 2	0.786341 0.503722
RET	4 4	8 15	0.272598 0.38187
PRKCG	3 0	1 10	0.465517 0.17757
RB1	7 7	1 3	0.181818 0.389535
MYC	0 0	1 1	0.730769 0.587302
JAK3	6 0	2 16	0.640114 0.223845
FLT3	5 4	11 14	0.493768 0.371521
STK11	6 1	2 2	0.479167 0.548611
CARD11	5 7	10 10	0.392476 0.334802
TP53	4 4	1 6	0.646707 0.259322
SETBP1	3 2	1 1	0.0176471 0.181818
IGF1R	6 7	3 5	0.236214 0.281799
BAX	2 1	1 3	0.428571 0.646384
DNMT3A	1 0	3 15	0.468156 0.264297
PTEN	0 0	1 2	0.571429 0.277679
AXL	2 3	7 9	0.563741 0.408458
SH2B3	1 0	1 6	0.2 0.301953
NRG1	1 1	4 2	0.241336 0.519451
SMAD4	0 0	1 2	0.441558 0.356487
U2AF1	0 4	4 1	0.433536 0.733333
CBFB	0 0	1 5	0.181818 0.194566
BCR	8 11	5 12	0.398034 0.249765
AKT1	1 1	1 4	0.162393 0.335299
DICER1	3 0	2 14	0.64886 0.220482
ERBB2	3 0	1 12	0.342857 0.223996
PDGFRB	5 7	3 14	0.327524 0.234527
DDR2	6 7	1 3	0.391304 0.189216
TNK2	1 0	5 10	0.487696 0.334272
MAP2K2	2 3	3 8	0.44127 0.314299
ROS1	2 2	2 12	0.454167 0.534183
BRCA1	0 15	1 4	0.2 0.232244
CALR	0 0	2 2	0.345833 0.415528
ATM	8 3	3 4	0.371483 0.299099
CBL	2 0	2 5	0.345823 0.196294
JAK1	1 0	7 3	0.562429 0.172624
PDGFRA	9 11	14 2	0.452994 0.172866
MAP2K1	1 2	2 0	0.439272 -1
BRCA2	10 9	4 5	0.307946 0.664425
HRAS	0 0	1 3	0.186916 0.19057
GNAS	1 1	1 2	0.486486 0.121069
MUTYH	1 1	2 6	0.508061 0.230484
KMT2A	1 4	1 13	0.846154 0.219195
MSH2	1 2	5 11	0.539059 0.360155
KDR	5 5	5 6	0.498481 0.218969
CHEK2	0 1	5 5	0.378413 0.186251

13-th reference
GNAI2	0 0	1 5	0.253165 0.245333
TET2	1 0	2 3	0.48588 0.314258
PAK7	1 0	4 5	0.612701 0.262768
FGFR2	2 2	1 2	0.020979 0.281023
RRAS2	0 2	1 0	0.322314 -1
STAT3	0 0	2 4	0.356838 0.485958
SRC	2 2	2 5	0.480122 0.338966
ROCK1	0 0	2 4	0.135479 0.22253
KIR3DL3	0 3	3 2	0.424281 0.341667
ALK	11 14	5 9	0.345379 0.374921
ERBB3	0 0	3 8	0.684535 0.363215
FGFR1	0 0	1 1	0.674419 0.0344828
SF3B1	4 4	7 4	0.430763 0.420385
RAC1	2 0	2 5	0.479348 0.215026
TRRAP	8 10	4 3	0.280526 0.4167
PRKCD	7 8	3 6	0.562647 0.412886
TYK2	1 1	5 7	0.474618 0.521741
CTNNB1	1 2	1 1	0.810811 0.442623
FGFR4	10 11	1 1	0.257143 0.0447761
FRK	2 4	5 0	0.331716 -1
EGFR	3 4	4 5	0.705395 0.498366
TTK	9 11	5 5	0.458582 0.555682
MTOR	6 6	1 4	0.75 0.246453
EPHA5	4 3	3 6	0.451919 0.34396
SRSF2	2 2	1 0	0.0119048 -1
PMS2	4 4	3 2	0.528923 0.269231
RIT1	4 2	1 0	0.455621 -1
NF1	3 10	14 8	0.387294 0.26915
TEK	8 5	13 2	0.513827 0.84127
ETV6	1 0	1 2	0.623288 0.275033
NFKBIA	0 1	1 1	0.636364 0.405797
ESR1	5 4	4 0	0.345835 -1
CSF1R	8 8	3 3	0.432231 0.530543
PIK3R1	2 1	4 7	0.669422 0.351572
KIT	0 2	3 2	0.502163 0.478092
BARD1	3 2	4 6	0.639024 0.524654
RAF1	2 3	1 0	0.851351 -1
FGFR3	2 2	1 1	0.83871 0.0892857
MLH1	0 0	1 2	0.817073 0.391026
SMO	8 6	2 1	0.552609 0.849315
RUNX1	1 0	1 2	0.44 0.652772
ASXL1	3 5	6 4	0.432362 0.712072
NFKB2	3 4	3 6	0.287233 0.316133
TGFBR2	0 2	2 1	0.786341 0.434783
RET	4 9	8 9	0.272598 0.359041
PRKCG	3 2	1 2	0.465517 0.225748
RB1	7 8	1 5	0.181818 0.669619
MYC	0 1	1 1	0.730769 0.415663
JAK3	6 4	2 13	0.640114 0.443767
FLT3	5 8	11 3	0.493768 0.746001
STK11	6 1	2 5	0.479167 0.282639
CARD11	5 7	10 2	0.392476 0.2
TP53	4 7	1 4	0.646707 0.510821
SETBP1	3 1	1 3	0.0176471 0.208488
IGF1R	6 4	3 7	0.236214 0.482434
BAX	2 2	1 3	0.428571 0.314286
DNMT3A	1 1	3 3	0.468156 0.549246
PTEN	0 0	1 5	0.571429 0.260541
SH2B3	1 1	1 0	0.2 -1
NRG1	1 2	4 3	0.241336 0.491132
SMAD4	0 0	1 1	0.441558 0.0784314
BCR	8 7	5 6	0.398034 0.235365
AKT1	1 2	1 3	0.162393 0.332882
DICER1	3 0	2 8	0.64886 0.344608
ERBB2	3 2	1 4	0.342857 0.507198
PDGFRB	5 5	3 6	0.327524 0.324406
DDR2	6 5	1 1	0.391304 0.0444444
TNK2	1 0	5 11	0.487696 0.425429
MAP2K2	2 4	3 3	0.44127 0.207596
ROS1	2 2	2 7	0.454167 0.492446
BRCA1	0 7	1 10	0.2 0.485272
CALR	0 1	2 0	0.345833 -1
ATM	8 4	3 9	0.371483 0.181711
CBL	2 2	2 2	0.345823 0.845316
PDGFRA	9 8	14 9	0.452994 0.399489
MAP2K1	1 1	2 3	0.439272 0.542552
BRCA2	10 7	4 1	0.307946 0.8
HRAS	0 1	1 4	0.186916 0.312248
GNAS	1 1	1 7	0.486486 0.165101
MUTYH	1 1	2 2	0.508061 0.714191
KMT2A	1 2	1 4	0.846154 0.201496
MSH2	1 0	5 7	0.539059 0.377374
KDR	5 4	5 6	0.498481 0.369977
CHEK2	0 0	5 2	0.378413 0.48007

14-th reference
GNAI2	0 0	1 3	0.253165 0.281714
TET2	1 0	2 1	0.48588 0.365385
PAK7	1 0	4 5	0.612701 0.358541
FGFR2	2 4	1 0	0.020979 -1
RRAS2	0 1	1 0	0.322314 -1
STAT3	0 0	2 2	0.356838 0.760256
SRC	2 2	2 1	0.480122 0.44186
ROCK1	0 0	2 6	0.135479 0.183833
ALK	11 10	5 4	0.345379 0.404973
ERBB3	0 3	3 3	0.684535 0.254346
FGFR1	0 0	1 1	0.674419 0.515152
SF3B1	4 4	7 5	0.430763 0.426541
RAC1	2 0	2 5	0.479348 0.463444
TRRAP	8 10	4 2	0.280526 0.343023
PRKCD	7 9	3 3	0.562647 0.31256
TYK2	1 6	5 5	0.474618 0.339002
CTNNB1	1 1	1 0	0.810811 -1
FGFR4	10 7	1 4	0.257143 0.334351
FRK	2 1	5 0	0.331716 -1
EGFR	3 3	4 6	0.705395 0.378195
MTOR	6 7	1 1	0.75 0.568182
EPHA5	4 3	3 7	0.451919 0.433571
SRSF2	2 1	1 0	0.0119048 -1
PMS2	4 4	3 2	0.528923 0.296245
RIT1	4 0	1 3	0.455621 0.284883
CD274	0 1	1 0	0.559006 -1
NF1	3 10	14 6	0.387294 0.27269
TEK	8 14	13 6	0.513827 0.44795
ETV6	1 0	1 1	0.623288 0.507246
NFKBIA	0 1	1 1	0.636364 0.5
ESR1	5 2	4 1	0.345835 0.583333
CSF1R	8 5	3 8	0.432231 0.444322
PIK3R1	2 1	4 4	0.669422 0.491282
KIT	0 1	3 1	0.502163 0.0642857
BARD1	3 9	4 5	0.639024 0.395441
RAF1	2 1	1 1	0.851351 0.170213
FGFR3	2 2	1 0	0.83871 -1
PRKACA	0 0	1 2	0.464789 0.231061
SMO	8 6	2 3	0.552609 0.472896
RUNX1	1 0	1 2	0.44 0.443939
EPHA2	1 6	2 2	0.225242 0.475
ASXL1	3 3	6 4	0.432362 0.366972
NFKB2	3 2	3 3	0.287233 0.451691
TGFBR2	0 1	2 0	0.786341 -1
RET	4 11	8 4	0.272598 0.299572
RB1	7 8	1 2	0.181818 0.304113
MYC	0 1	1 0	0.730769 -1
JAK3	6 0	2 3	0.640114 0.429149
FLT3	5 8	11 8	0.493768 0.55768
STK11	6 2	2 1	0.479167 0.871795
CARD11	5 2	10 7	0.392476 0.272098
TP53	4 6	1 3	0.646707 0.648646
SETBP1	3 1	1 3	0.0176471 0.109722
IGF1R	6 5	3 7	0.236214 0.53299
BAX	2 1	1 3	0.428571 0.387387
DNMT3A	1 4	3 1	0.468156 0.266667
PTEN	0 0	1 1	0.571429 0.102564
AXL	2 1	7 3	0.563741 0.40211
SH2B3	1 0	1 3	0.2 0.526918
NRG1	1 1	4 4	0.241336 0.484094
SMAD4	0 2	1 0	0.441558 -1
U2AF1	0 0	4 4	0.433536 0.507841
BCR	8 3	5 3	0.398034 0.225607
AKT1	1 2	1 10	0.162393 0.464118
DICER1	3 0	2 2	0.64886 0.113184
ERBB2	3 9	1 189	0.342857 0.0252762
PDGFRB	5 4	3 6	0.327524 0.388534
DDR2	6 6	1 0	0.391304 -1
TNK2	1 3	5 7	0.487696 0.319109
MAP2K2	2 2	3 5	0.44127 0.380778
ROS1	2 4	2 6	0.454167 0.318818
BRCA1	0 6	1 6	0.2 0.282222
CALR	0 1	2 0	0.345833 -1
ATM	8 4	3 15	0.371483 0.57721
JAK1	1 0	7 3	0.562429 0.187863
PDGFRA	9 9	14 14	0.452994 0.48001
MAP2K1	1 2	2 1	0.439272 0.25
BRCA2	10 7	4 4	0.307946 0.35813
GNAS	1 1	1 2	0.486486 0.344898
MUTYH	1 3	2 0	0.508061 -1
KMT2A	1 1	1 4	0.846154 0.165109
MSH2	1 2	5 5	0.539059 0.414008
KDR	5 3	5 4	0.498481 0.439263
CHEK2	0 1	5 4	0.378413 0.329569

15-th reference
GNAI2	0 0	1 4	0.253165 0.249964
TET2	1 0	2 1	0.48588 0.0508475
PAK7	1 1	4 1	0.612701 0.393443
FGFR2	2 2	1 3	0.020979 0.279964
RRAS2	0 1	1 1	0.322314 0.426667
STAT3	0 0	2 2	0.356838 0.372738
SRC	2 2	2 1	0.480122 0.125
ROCK1	0 0	2 2	0.135479 0.176957
ALK	11 9	5 8	0.345379 0.467177
ERBB3	0 0	3 6	0.684535 0.349031
FGFR1	0 0	1 3	0.674419 0.268902
SF3B1	4 2	7 1	0.430763 0.204082
RAC1	2 3	2 3	0.479348 0.385823
TRRAP	8 7	4 19	0.280526 0.381563
PRKCD	7 7	3 10	0.562647 0.406761
TYK2	1 5	5 7	0.474618 0.505336
CTNNB1	1 1	1 0	0.810811 -1
FGFR4	10 11	1 2	0.257143 0.202866
FRK	2 0	5 3	0.331716 0.482832
EGFR	3 6	4 11	0.705395 0.448795
TTK	9 10	5 6	0.458582 0.491088
MTOR	6 7	1 1	0.75 0.190476
EPHA5	4 4	3 3	0.451919 0.137617
SRSF2	2 2	1 0	0.0119048 -1
PMS2	4 3	3 1	0.528923 0.386364
RIT1	4 2	1 2	0.455621 0.528164
CD274	0 0	1 1	0.559006 0.466667
NF1	3 10	14 8	0.387294 0.243838
TEK	8 8	13 9	0.513827 0.483876
ETV6	1 0	1 2	0.623288 0.349498
NFKBIA	0 1	1 5	0.636364 0.487012
ESR1	5 5	4 3	0.345835 0.539797
CSF1R	8 2	3 10	0.432231 0.359657
PIK3R1	2 2	4 2	0.669422 0.312313
KIT	0 1	3 2	0.502163 0.545304
BARD1	3 7	4 8	0.639024 0.48443
RAF1	2 1	1 2	0.851351 0.45547
FGFR3	2 1	1 4	0.83871 0.131798
PRKACA	0 0	1 1	0.464789 0.166667
MLH1	0 0	1 3	0.817073 0.480925
SMO	8 7	2 1	0.552609 0.805556
RUNX1	1 0	1 1	0.44 0.825
EPHA2	1 0	2 1	0.225242 0.0625
ASXL1	3 7	6 1	0.432362 0.125
NFKB2	3 4	3 2	0.287233 0.30037
TGFBR2	0 0	2 1	0.786341 0.527027
RET	4 3	8 9	0.272598 0.389726
PRKCG	3 2	1 4	0.465517 0.235236
RB1	7 8	1 5	0.181818 0.211991
MYC	0 1	1 1	0.730769 0.0241935
JAK3	6 1	2 11	0.640114 0.349004
FLT3	5 6	11 2	0.493768 0.639344
STK11	6 1	2 5	0.479167 0.282847
CARD11	5 7	10 4	0.392476 0.355536
TP53	4 4	1 2	0.646707 0.402174
SETBP1	3 1	1 2	0.0176471 0.618915
IGF1R	6 6	3 3	0.236214 0.482362
BAX	2 0	1 3	0.428571 0.448505
DNMT3A	1 3	3 5	0.468156 0.237195
PTEN	0 0	1 8	0.571429 0.230178
AXL	2 2	7 6	0.563741 0.153715
SH2B3	1 0	1 2	0.2 0.321239
NRG1	1 3	4 3	0.241336 0.0873426
U2AF1	0 0	4 6	0.433536 0.458
BCR	8 4	5 12	0.398034 0.451835
AKT1	1 8	1 3	0.162393 0.426325
DICER1	3 3	2 7	0.64886 0.174821
ERBB2	3 4	1 4	0.342857 0.122188
PDGFRB	5 1	3 8	0.327524 0.330605
DDR2	6 5	1 0	0.391304 -1
TNK2	1 2	5 10	0.487696 0.355514
MAP2K2	2 3	3 4	0.44127 0.446429
ROS1	2 6	2 11	0.454167 0.390161
BRCA1	0 15	1 0	0.2 -1
CALR	0 0	2 3	0.345833 0.188663
ATM	8 3	3 15	0.371483 0.373099
CBL	2 0	2 7	0.345823 0.363271
JAK1	1 1	7 5	0.562429 0.44929
PDGFRA	9 11	14 3	0.452994 0.0807734
MAP2K1	1 2	2 0	0.439272 -1
BRCA2	10 7	4 3	0.307946 0.0905493
HRAS	0 3	1 0	0.186916 -1
GNAS	1 1	1 1	0.486486 0.52459
MUTYH	1 0	2 3	0.508061 0.399779
KMT2A	1 3	1 3	0.846154 0.121776
MSH2	1 1	5 14	0.539059 0.297466
KDR	5 3	5 1	0.498481 0.774194
CHEK2	0 2	5 2	0.378413 0.360557

16-th reference
GNAI2	0 0	1 5	0.253165 0.267841
TET2	1 2	2 1	0.48588 0.038961
PAK7	1 1	4 3	0.612701 0.518181
FGFR2	2 5	1 6	0.020979 0.277115
RRAS2	0 2	1 0	0.322314 -1
STAT3	0 0	2 1	0.356838 0.78125
SRC	2 2	2 7	0.480122 0.241098
KIR3DL3	0 7	3 11	0.424281 0.527201
ALK	11 13	5 9	0.345379 0.400965
ERBB3	0 2	3 5	0.684535 0.0909066
FGFR1	0 1	1 5	0.674419 0.139952
SF3B1	4 5	7 4	0.430763 0.491873
RAC1	2 2	2 5	0.479348 0.581812
TRRAP	8 8	4 18	0.280526 0.380158
PRKCD	7 8	3 7	0.562647 0.692475
TYK2	1 2	5 7	0.474618 0.562259
CTNNB1	1 2	1 0	0.810811 -1
FGFR4	10 8	1 9	0.257143 0.247048
FRK	2 2	5 6	0.331716 0.474778
EGFR	3 1	4 11	0.705395 0.373444
TTK	9 12	5 0	0.458582 -1
MTOR	6 19	1 2	0.75 0.181061
EPHA5	4 3	3 8	0.451919 0.279992
SRSF2	2 2	1 1	0.0119048 0.190476
PMS2	4 4	3 5	0.528923 0.374683
RIT1	4 2	1 2	0.455621 0.648566
CD274	0 0	1 1	0.559006 0.580645
NF1	3 1	14 25	0.387294 0.371473
TEK	8 2	13 8	0.513827 0.332118
ETV6	1 1	1 0	0.623288 -1
NFKBIA	0 1	1 1	0.636364 0.0471698
ESR1	5 5	4 1	0.345835 0.0447761
CSF1R	8 9	3 8	0.432231 0.413516
PIK3R1	2 2	4 8	0.669422 0.317932
KIT	0 2	3 0	0.502163 -1
BARD1	3 4	4 4	0.639024 0.368092
RAF1	2 1	1 2	0.851351 0.303476
FGFR3	2 1	1 6	0.83871 0.224474
PRKACA	0 0	1 2	0.464789 0.164729
MLH1	0 5	1 0	0.817073 -1
SMO	8 8	2 5	0.552609 0.229775
RUNX1	1 1	1 2	0.44 0.474638
EPHA2	1 6	2 2	0.225242 0.0857273
ASXL1	3 5	6 6	0.432362 0.206362
NFKB2	3 3	3 5	0.287233 0.303866
TGFBR2	0 1	2 1	0.786341 0.8
RET	4 9	8 8	0.272598 0.311583
PRKCG	3 1	1 5	0.465517 0.218084
RB1	7 5	1 1	0.181818 0.529412
MYC	0 1	1 2	0.730769 0.0414357
JAK3	6 2	2 9	0.640114 0.249306
FLT3	5 2	11 15	0.493768 0.320545
STK11	6 0	2 2	0.479167 0.229814
CARD11	5 5	10 6	0.392476 0.417986
TP53	4 4	1 1	0.646707 0.111111
SETBP1	3 1	1 6	0.0176471 0.229185
IGF1R	6 4	3 9	0.236214 0.468345
BAX	2 2	1 3	0.428571 0.265497
DNMT3A	1 6	3 6	0.468156 0.198792
PTEN	0 0	1 2	0.571429 0.0466531
AXL	2 3	7 3	0.563741 0.336498
SH2B3	1 0	1 3	0.2 0.405344
NRG1	1 1	4 2	0.241336 0.32971
SMAD4	0 2	1 4	0.441558 0.225802
U2AF1	0 0	4 6	0.433536 0.386405
CBFB	0 0	1 1	0.181818 0.157895
BCR	8 5	5 5	0.398034 0.211403
AKT1	1 1	1 12	0.162393 0.340686
DICER1	3 3	2 5	0.64886 0.259434
ERBB2	3 4	1 224	0.342857 0.0311355
PDGFRB	5 4	3 11	0.327524 0.359935
DDR2	6 6	1 1	0.391304 0.025641
TNK2	1 2	5 17	0.487696 0.306018
MAP2K2	2 4	3 6	0.44127 0.370985
ROS1	2 5	2 9	0.454167 0.375545
BRCA1	0 8	1 10	0.2 0.370825
CALR	0 0	2 2	0.345833 0.488345
ATM	8 3	3 9	0.371483 0.512714
CBL	2 0	2 1	0.345823 0.285714
JAK1	1 3	7 10	0.562429 0.515856
PDGFRA	9 11	14 6	0.452994 0.241649
MAP2K1	1 1	2 1	0.439272 0.109756
BRCA2	10 9	4 3	0.307946 0.187043
HRAS	0 1	1 2	0.186916 0.37605
GNAS	1 4	1 9	0.486486 0.280538
MUTYH	1 2	2 2	0.508061 0.280812
KMT2A	1 1	1 9	0.846154 0.168784
MSH2	1 0	5 9	0.539059 0.474537
KDR	5 7	5 6	0.498481 0.381272

17-th reference
GNAI2	0 0	1 2	0.253165 0.238596
TET2	1 0	2 2	0.48588 0.459394
PAK7	1 1	4 4	0.612701 0.488589
FGFR2	2 3	1 4	0.020979 0.320788
RRAS2	0 0	1 3	0.322314 0.407733
STAT3	0 0	2 2	0.356838 0.479489
SRC	2 2	2 0	0.480122 -1
ROCK1	0 0	2 7	0.135479 0.114
KIR3DL3	0 3	3 1	0.424281 0.405063
ALK	11 12	5 4	0.345379 0.0970814
ERBB3	0 1	3 4	0.684535 0.501256
FGFR1	0 0	1 1	0.674419 0.162162
SF3B1	4 7	7 5	0.430763 0.341739
RAC1	2 0	2 1	0.479348 0.349398
TRRAP	8 8	4 4	0.280526 0.359822
PRKCD	7 7	3 3	0.562647 0.257475
TYK2	1 0	5 1	0.474618 0.157895
CTNNB1	1 1	1 1	0.810811 0.595506
FGFR4	10 10	1 1	0.257143 0.547619
FRK	2 0	5 3	0.331716 0.587313
EGFR	3 6	4 5	0.705395 0.434905
TTK	9 0	5 15	0.458582 0.470056
MTOR	6 2	1 2	0.75 0.525128
EPHA5	4 5	3 4	0.451919 0.310417
SRSF2	2 2	1 0	0.0119048 -1
PMS2	4 5	3 5	0.528923 0.281388
RIT1	4 2	1 1	0.455621 0.0873786
CD274	0 0	1 1	0.559006 0.387755
NF1	3 3	14 7	0.387294 0.384533
TEK	8 13	13 4	0.513827 0.504176
ETV6	1 1	1 0	0.623288 -1
NFKBIA	0 2	1 4	0.636364 0.47064
ESR1	5 2	4 1	0.345835 0.734694
CSF1R	8 2	3 7	0.432231 0.516169
PIK3R1	2 2	4 4	0.669422 0.420341
KIT	0 1	3 1	0.502163 0.2
BARD1	3 12	4 2	0.639024 0.36756
RAF1	2 2	1 1	0.851351 0.6
FGFR3	2 2	1 2	0.83871 0.255782
MLH1	0 1	1 4	0.817073 0.475509
SMO	8 6	2 2	0.552609 0.717363
RUNX1	1 0	1 2	0.44 0.605725
EPHA2	1 6	2 0	0.225242 -1
ASXL1	3 3	6 4	0.432362 0.494145
NFKB2	3 4	3 4	0.287233 0.366201
TGFBR2	0 0	2 2	0.786341 0.486667
RET	4 14	8 6	0.272598 0.374386
PRKCG	3 1	1 4	0.465517 0.14079
RB1	7 10	1 7	0.181818 0.577788
MYC	0 0	1 1	0.730769 0.270833
JAK3	6 1	2 7	0.640114 0.407296
FLT3	5 6	11 2	0.493768 0.835918
CARD11	5 6	10 7	0.392476 0.445408
TP53	4 3	1 0	0.646707 -1
SETBP1	3 0	1 1	0.0176471 0.6
IGF1R	6 8	3 3	0.236214 0.843554
BAX	2 5	1 4	0.428571 0.173295
DNMT3A	1 4	3 2	0.468156 0.319231
PTEN	0 0	1 2	0.571429 0.524448
AXL	2 1	7 3	0.563741 0.499902
NRG1	1 0	4 1	0.241336 0.1875
SMAD4	0 1	1 0	0.441558 -1
U2AF1	0 0	4 5	0.433536 0.446051
CBFB	0 0	1 2	0.181818 0.141468
BCR	8 10	5 23	0.398034 0.367121
AKT1	1 2	1 2	0.162393 0.300232
DICER1	3 3	2 2	0.64886 0.158029
ERBB2	3 3	1 3	0.342857 0.483154
PDGFRB	5 4	3 4	0.327524 0.374722
DDR2	6 5	1 3	0.391304 0.0321353
TNK2	1 0	5 9	0.487696 0.392405
MAP2K2	2 2	3 2	0.44127 0.595501
ROS1	2 7	2 5	0.454167 0.539736
BRCA1	0 2	1 1	0.2 0.5
CALR	0 1	2 1	0.345833 0.314286
ATM	8 2	3 17	0.371483 0.58551
CBL	2 2	2 3	0.345823 0.188248
JAK1	1 0	7 2	0.562429 0.464493
PDGFRA	9 11	14 4	0.452994 0.134722
MAP2K1	1 2	2 0	0.439272 -1
BRCA2	10 8	4 0	0.307946 -1
HRAS	0 1	1 2	0.186916 0.345238
GNAS	1 1	1 3	0.486486 0.368853
MUTYH	1 2	2 0	0.508061 -1
KMT2A	1 1	1 2	0.846154 0.126697
MSH2	1 0	5 7	0.539059 0.437195
KDR	5 7	5 3	0.498481 0.572761
CHEK2	0 0	5 2	0.378413 0.430024

