Sample: /awork08/KIST/adiscan/134/3R-DNA.somatic
Reference: /awork08/KIST/adiscan/breast-cancer/list
DONE:Read Adi File
ADIscore	Sample(%)	ICGC_ave(%)
0~0.05	0.47619	0.76528
0.05~0.1	0.47619	0.624308
0.1~0.15	0	0.654516
0.15~0.2	0.47619	0.634377
0.2~0.25	0	0.563891
0.25~0.3	0	0.815628
0.3~0.35	0	0.936462
0.35~0.4	0	0.916323
0.4~0.45	0.47619	1.19827
0.45~0.5	0.47619	1.4198
0.5~0.55	1.42857	1.69167
0.55~0.6	0	2.09445
0.6~0.65	0	2.54758
0.65~0.7	0.47619	2.66841
0.7~0.75	0.952381	2.52744
0.75~0.8	1.42857	2.8698
0.8~0.85	12.381	14.057
0.85~0.9	10	12.0632
0.9~0.95	21.4286	21.3473
0.95~1	49.5238	29.6043

1-th reference
AKT3	1 0	1 4	0.852941 0.208975
PAK7	2 3	6 3	0.598116 0.423771
IDH2	0 3	1 2	0.0621118 0.45202
STAT3	2 1	3 6	0.318999 0.209828
SRC	2 2	2 5	0.571504 0.4103
KIR3DL3	3 0	2 17	0.334195 0.529879
ALK	13 15	1 7	0.475248 0.409836
ERBB3	1 0	5 9	0.31309 0.245694
SF3B1	4 6	5 4	0.369303 0.339023
RAC1	2 1	1 5	0.970588 0.379023
TRRAP	7 8	3 5	0.544271 0.416175
PRKCD	7 8	1 4	0.545455 0.333992
TYK2	5 4	1 9	0.115789 0.432971
FGFR4	8 6	2 9	0.0419543 0.611297
FRK	4 0	6 4	0.335434 0.308868
EGFR	5 3	2 7	0.473573 0.424804
TTK	0 10	1 4	0.0957447 0.457968
MTOR	7 4	1 1	0.878378 0.651163
APC	6 6	1 4	0.8125 0.393164
EPHA5	4 4	3 7	0.295084 0.444918
PMS2	9 3	3 3	0.235218 0.308822
IL7R	5 7	3 1	0.545417 0.625
NF1	5 2	2 18	0.81875 0.370324
TEK	7 13	6 5	0.619645 0.364824
ETV6	0 1	1 3	0.0824742 0.252241
NFKBIA	1 0	1 2	0.807339 0.389403
CSF1R	3 6	5 6	0.27797 0.488268
MSH6	6 8	2 4	0.407844 0.089392
NRAS	1 1	1 0	0.0373832 -1
KIT	1 2	3 4	0.376758 0.411284
AKT2	1 0	1 3	0.870588 0.41601
BARD1	8 7	4 9	0.808381 0.453542
FGFR3	1 3	1 4	0.479167 0.674596
MLH1	1 0	3 7	0.554964 0.457781
ASXL1	3 4	5 2	0.490734 0.0457143
NFKB2	5 3	1 3	0.0816327 0.604863
RET	4 8	7 6	0.644972 0.120616
PRKCG	3 4	2 3	0.533023 0.447397
GNA11	1 3	5 2	0.808395 0.309397
RB1	7 5	3 11	0.826691 0.404968
JAK3	1 4	4 10	0.703473 0.292016
FLT3	8 6	4 5	0.534288 0.405787
STK11	6 2	1 7	0.212121 0.201126
CARD11	8 4	7 9	0.387481 0.406496
SETBP1	1 1	1 3	0.136842 0.302074
IGF1R	6 5	6 2	0.489367 0.498738
DNMT3A	3 3	1 4	0.0185185 0.290888
AXL	2 2	1 13	0.306452 0.434419
SH2B3	2 4	1 0	0.0107527 -1
STK33	2 4	3 3	0.515717 0.531124
BCR	7 7	7 21	0.442561 0.358291
ERBB2	0 2	4 5	0.0632743 0.38815
PDGFRB	6 6	1 8	0.333333 0.381268
TNK2	2 2	1 2	0.52459 0.192202
MAP2K2	2 3	1 4	0.89726 0.473914
ROS1	3 7	7 12	0.500132 0.356546
ATM	3 7	7 17	0.717288 0.402952
JAK1	1 1	1 7	0.714286 0.465056
PDGFRA	10 4	12 14	0.562023 0.362111
STAT5B	1 0	1 6	0.868132 0.187445
MAP2K1	2 0	2 1	0.213524 0.358491
BRCA2	7 10	5 6	0.485944 0.435939
HRAS	2 0	1 1	0.733333 0.309091
GNAS	1 7	1 4	0.346939 0.39859
KMT2A	1 1	1 5	0.140351 0.198262
MSH2	5 2	2 10	0.471154 0.310604
KDR	4 6	2 9	0.869434 0.432824
JAK2	2 4	2 6	0.863889 0.411547
CCND3	2 2	1 1	0.027027 0.47619
ERBB4	2 6	2 12	0.364815 0.388329
CHEK2	0 1	2 2	0.418651 0.311097

2-th reference
AKT3	1 0	1 3	0.852941 0.344822
PAK7	2 4	6 3	0.598116 0.511755
IDH2	0 4	1 1	0.0621118 0.208333
STAT3	2 3	3 1	0.318999 0.28125
SRC	2 4	2 1	0.571504 0.533333
KIR3DL3	3 4	2 15	0.334195 0.510612
ALK	13 9	1 11	0.475248 0.487009
ERBB3	1 0	5 5	0.31309 0.404047
SF3B1	4 6	5 3	0.369303 0.305748
RAC1	2 1	1 4	0.970588 0.482436
TRRAP	7 8	3 7	0.544271 0.329591
PRKCD	7 4	1 1	0.545455 0.192308
TYK2	5 5	1 7	0.115789 0.536923
FGFR4	8 10	2 4	0.0419543 0.388484
FRK	4 0	6 5	0.335434 0.50632
EGFR	5 3	2 13	0.473573 0.485139
TTK	0 9	1 4	0.0957447 0.542254
MTOR	7 5	1 17	0.878378 0.38294
APC	6 6	1 2	0.8125 0.406593
EPHA5	4 2	3 7	0.295084 0.43427
PMS2	9 5	3 3	0.235218 0.352324
IL7R	5 2	3 5	0.545417 0.517429
NF1	5 1	2 13	0.81875 0.448187
TEK	7 8	6 9	0.619645 0.524223
ETV6	0 1	1 0	0.0824742 -1
NFKBIA	1 2	1 3	0.807339 0.333764
CSF1R	3 6	5 9	0.27797 0.505041
MSH6	6 6	2 3	0.407844 0.441008
NRAS	1 1	1 0	0.0373832 -1
KIT	1 1	3 1	0.376758 0.172414
AKT2	1 1	1 4	0.870588 0.37045
BARD1	8 4	4 4	0.808381 0.529896
FGFR3	1 6	1 12	0.479167 0.333246
MLH1	1 1	3 5	0.554964 0.327978
ASXL1	3 2	5 6	0.490734 0.423818
NFKB2	5 4	1 2	0.0816327 0.185714
RET	4 1	7 9	0.644972 0.216631
PRKCG	3 4	2 6	0.533023 0.353253
GNA11	1 3	5 3	0.808395 0.566667
RB1	7 4	3 7	0.826691 0.631201
JAK3	1 8	4 3	0.703473 0.484737
FLT3	8 4	4 14	0.534288 0.39825
STK11	6 0	1 4	0.212121 0.73661
CARD11	8 8	7 6	0.387481 0.368116
SETBP1	1 1	1 2	0.136842 0.329142
IGF1R	6 4	6 7	0.489367 0.680266
DNMT3A	3 1	1 5	0.0185185 0.424869
AXL	2 1	1 4	0.306452 0.397236
SH2B3	2 1	1 4	0.0107527 0.20582
STK33	2 2	3 7	0.515717 0.550844
BCR	7 7	7 20	0.442561 0.422224
ERBB2	0 2	4 5	0.0632743 0.329499
PDGFRB	6 3	1 1	0.333333 0.357143
MPL	1 2	3 1	0.412842 0.731707
TNK2	2 1	1 12	0.52459 0.3079
MAP2K2	2 2	1 2	0.89726 0.209752
ROS1	3 6	7 7	0.500132 0.415638
ATM	3 3	7 9	0.717288 0.263391
JAK1	1 2	1 9	0.714286 0.339096
PDGFRA	10 11	12 4	0.562023 0.242999
STAT5B	1 2	1 1	0.868132 0.272727
MAP2K1	2 2	2 0	0.213524 -1
BRCA2	7 6	5 5	0.485944 0.536876
HRAS	2 0	1 3	0.733333 0.120036
GNAS	1 2	1 2	0.346939 0.292628
KMT2A	1 1	1 6	0.140351 0.29282
MSH2	5 3	2 8	0.471154 0.255359
KDR	4 4	2 6	0.869434 0.407751
JAK2	2 3	2 5	0.863889 0.346535
CCND3	2 2	1 0	0.027027 -1
ERBB4	2 2	2 10	0.364815 0.417496
CHEK2	0 2	2 1	0.418651 0.171053

3-th reference
AKT3	1 0	1 4	0.852941 0.235121
PAK7	2 3	6 5	0.598116 0.391117
IDH2	0 3	1 4	0.0621118 0.411877
STAT3	2 0	3 9	0.318999 0.640414
SRC	2 2	2 6	0.571504 0.345821
KIR3DL3	3 0	2 4	0.334195 0.555952
ALK	13 9	1 12	0.475248 0.463071
ERBB3	1 0	5 4	0.31309 0.300693
SF3B1	4 4	5 6	0.369303 0.358104
RAC1	2 2	1 3	0.970588 0.672006
TRRAP	7 18	3 5	0.544271 0.305571
PRKCD	7 5	1 8	0.545455 0.474202
TYK2	5 2	1 5	0.115789 0.375788
FGFR4	8 9	2 2	0.0419543 0.392857
FRK	4 1	6 2	0.335434 0.401111
EGFR	5 3	2 7	0.473573 0.414772
TTK	0 0	1 11	0.0957447 0.269019
MTOR	7 4	1 3	0.878378 0.348744
APC	6 7	1 3	0.8125 0.341611
EPHA5	4 4	3 7	0.295084 0.443627
PMS2	9 6	3 4	0.235218 0.192445
IL7R	5 6	3 1	0.545417 0.625
NF1	5 5	2 8	0.81875 0.430145
TEK	7 9	6 5	0.619645 0.644491
ETV6	0 0	1 1	0.0824742 0.641509
NFKBIA	1 0	1 2	0.807339 0.397081
CSF1R	3 5	5 7	0.27797 0.415415
MSH6	6 7	2 7	0.407844 0.466392
NRAS	1 1	1 0	0.0373832 -1
KIT	1 2	3 4	0.376758 0.576696
BARD1	8 2	4 0	0.808381 -1
FGFR3	1 1	1 2	0.479167 0.159574
MLH1	1 1	3 2	0.554964 0.394565
ASXL1	3 2	5 6	0.490734 0.415009
NFKB2	5 3	1 4	0.0816327 0.326193
RET	4 9	7 7	0.644972 0.358585
PRKCG	3 2	2 8	0.533023 0.472573
GNA11	1 4	5 6	0.808395 0.534051
RB1	7 8	3 6	0.826691 0.327675
JAK3	1 4	4 15	0.703473 0.351316
FLT3	8 8	4 2	0.534288 0.454114
STK11	6 0	1 8	0.212121 0.417523
CARD11	8 8	7 10	0.387481 0.47741
SETBP1	1 2	1 5	0.136842 0.182432
IGF1R	6 3	6 6	0.489367 0.393377
DNMT3A	3 0	1 4	0.0185185 0.596075
SH2B3	2 2	1 4	0.0107527 0.42296
STK33	2 0	3 3	0.515717 0.47165
BCR	7 15	7 11	0.442561 0.373793
ERBB2	0 2	4 4	0.0632743 0.165962
PDGFRB	6 5	1 9	0.333333 0.360529
MPL	1 0	3 3	0.412842 0.291727
TNK2	2 1	1 5	0.52459 0.292068
MAP2K2	2 1	1 7	0.89726 0.348333
ROS1	3 7	7 11	0.500132 0.325509
ATM	3 4	7 14	0.717288 0.276658
JAK1	1 2	1 8	0.714286 0.565324
PDGFRA	10 13	12 9	0.562023 0.327065
STAT5B	1 2	1 1	0.868132 0.208333
MAP2K1	2 1	2 2	0.213524 0.501012
BRCA2	7 8	5 3	0.485944 0.357661
HRAS	2 1	1 3	0.733333 0.240243
GNAS	1 6	1 2	0.346939 0.20068
KMT2A	1 0	1 6	0.140351 0.142103
MSH2	5 3	2 6	0.471154 0.369963
KDR	4 2	2 8	0.869434 0.308805
JAK2	2 6	2 6	0.863889 0.471818
CCND3	2 2	1 2	0.027027 0.0994152
ERBB4	2 8	2 8	0.364815 0.360541
CHEK2	0 1	2 2	0.418651 0.500957

4-th reference
AKT3	1 0	1 3	0.852941 0.156524
PAK7	2 5	6 1	0.598116 0.430769
IDH2	0 3	1 5	0.0621118 0.44598
STAT3	2 2	3 3	0.318999 0.433009
SRC	2 2	2 5	0.571504 0.471519
KIR3DL3	3 5	2 11	0.334195 0.509196
ALK	13 13	1 14	0.475248 0.488605
ERBB3	1 0	5 9	0.31309 0.386288
SF3B1	4 7	5 4	0.369303 0.42376
RAC1	2 0	1 7	0.970588 0.419858
TRRAP	7 3	3 4	0.544271 0.265512
PRKCD	7 4	1 4	0.545455 0.478568
TYK2	5 0	1 5	0.115789 0.317648
FGFR4	8 11	2 5	0.0419543 0.405647
FRK	4 0	6 5	0.335434 0.360726
EGFR	5 3	2 9	0.473573 0.430648
TTK	0 0	1 12	0.0957447 0.440453
MTOR	7 3	1 4	0.878378 0.282547
APC	6 6	1 3	0.8125 0.360119
EPHA5	4 3	3 6	0.295084 0.50385
PMS2	9 6	3 6	0.235218 0.29568
IL7R	5 5	3 1	0.545417 0.552632
NF1	5 1	2 12	0.81875 0.362339
TEK	7 8	6 15	0.619645 0.475037
ETV6	0 0	1 1	0.0824742 0.413793
NFKBIA	1 0	1 1	0.807339 0.4
CSF1R	3 7	5 2	0.27797 0.401515
MSH6	6 4	2 6	0.407844 0.338358
NRAS	1 1	1 0	0.0373832 -1
KIT	1 1	3 2	0.376758 0.384266
AKT2	1 1	1 6	0.870588 0.421471
BARD1	8 7	4 7	0.808381 0.460755
FGFR3	1 1	1 3	0.479167 0.276194
MLH1	1 1	3 4	0.554964 0.51278
ASXL1	3 3	5 1	0.490734 0.527778
NFKB2	5 2	1 5	0.0816327 0.288159
RET	4 8	7 7	0.644972 0.243759
PRKCG	3 3	2 3	0.533023 0.327923
GNA11	1 4	5 3	0.808395 0.463505
RB1	7 1	3 10	0.826691 0.546917
JAK3	1 0	4 6	0.703473 0.361123
FLT3	8 6	4 7	0.534288 0.38169
STK11	6 1	1 4	0.212121 0.395592
CARD11	8 14	7 19	0.387481 0.424044
SETBP1	1 1	1 1	0.136842 0.181818
IGF1R	6 2	6 10	0.489367 0.484998
DNMT3A	3 1	1 6	0.0185185 0.344286
AXL	2 2	1 5	0.306452 0.451109
SH2B3	2 2	1 3	0.0107527 0.516493
STK33	2 3	3 2	0.515717 0.234615
BCR	7 6	7 10	0.442561 0.429151
ERBB2	0 0	4 1	0.0632743 0.131579
PDGFRB	6 4	1 5	0.333333 0.395556
MPL	1 0	3 3	0.412842 0.460585
TNK2	2 1	1 8	0.52459 0.278975
MAP2K2	2 4	1 2	0.89726 0.184659
ROS1	3 6	7 7	0.500132 0.454772
ATM	3 9	7 21	0.717288 0.330294
JAK1	1 3	1 7	0.714286 0.481316
PDGFRA	10 4	12 11	0.562023 0.468443
STAT5B	1 1	1 5	0.868132 0.464546
MAP2K1	2 2	2 1	0.213524 0.604167
BRCA2	7 6	5 2	0.485944 0.505245
HRAS	2 1	1 1	0.733333 0.508475
GNAS	1 5	1 3	0.346939 0.52416
KMT2A	1 1	1 6	0.140351 0.262894
MSH2	5 3	2 7	0.471154 0.313412
KDR	4 5	2 7	0.869434 0.483585
JAK2	2 5	2 5	0.863889 0.459011
CCND3	2 2	1 0	0.027027 -1
ERBB4	2 5	2 13	0.364815 0.450922
CHEK2	0 0	2 2	0.418651 0.454886

5-th reference
AKT3	1 0	1 6	0.852941 0.235875
PAK7	2 1	6 6	0.598116 0.487393
IDH2	0 5	1 1	0.0621118 0.075
STAT3	2 0	3 10	0.318999 0.311525
SRC	2 5	2 1	0.571504 0.581818
KIR3DL3	3 5	2 4	0.334195 0.395214
ALK	13 11	1 12	0.475248 0.480702
ERBB3	1 1	5 0	0.31309 -1
SF3B1	4 4	5 6	0.369303 0.369004
RAC1	2 2	1 5	0.970588 0.312176
TRRAP	7 8	3 9	0.544271 0.484554
PRKCD	7 6	1 5	0.545455 0.091484
TYK2	5 5	1 6	0.115789 0.31005
FGFR4	8 4	2 7	0.0419543 0.538388
FRK	4 2	6 1	0.335434 0.826923
EGFR	5 3	2 9	0.473573 0.463155
TTK	0 0	1 7	0.0957447 0.203227
MTOR	7 7	1 0	0.878378 -1
APC	6 6	1 1	0.8125 0.6875
EPHA5	4 3	3 6	0.295084 0.672268
PMS2	9 5	3 3	0.235218 0.311254
IL7R	5 3	3 4	0.545417 0.674215
NF1	5 2	2 7	0.81875 0.507518
TEK	7 10	6 9	0.619645 0.430955
ETV6	0 0	1 3	0.0824742 0.258335
NFKBIA	1 0	1 1	0.807339 0.162791
CSF1R	3 7	5 4	0.27797 0.558615
MSH6	6 6	2 2	0.407844 0.292661
NRAS	1 1	1 0	0.0373832 -1
KIT	1 3	3 2	0.376758 0.552874
AKT2	1 0	1 5	0.870588 0.236677
BARD1	8 12	4 2	0.808381 0.227951
FGFR3	1 1	1 5	0.479167 0.427518
MLH1	1 1	3 5	0.554964 0.702027
ASXL1	3 3	5 2	0.490734 0.318841
NFKB2	5 4	1 8	0.0816327 0.451639
RET	4 8	7 5	0.644972 0.236674
PRKCG	3 2	2 7	0.533023 0.385759
GNA11	1 3	5 4	0.808395 0.249267
RB1	7 9	3 5	0.826691 0.517939
JAK3	1 0	4 14	0.703473 0.272816
FLT3	8 4	4 6	0.534288 0.589572
STK11	6 3	1 4	0.212121 0.573011
CARD11	8 14	7 23	0.387481 0.43605
SETBP1	1 1	1 3	0.136842 0.380643
IGF1R	6 4	6 8	0.489367 0.420116
DNMT3A	3 1	1 6	0.0185185 0.429958
AXL	2 2	1 2	0.306452 0.380475
SH2B3	2 2	1 3	0.0107527 0.184789
STK33	2 2	3 3	0.515717 0.693899
BCR	7 6	7 11	0.442561 0.327394
ERBB2	0 0	4 8	0.0632743 0.0688331
PDGFRB	6 1	1 6	0.333333 0.326448
MPL	1 1	3 3	0.412842 0.238804
TNK2	2 0	1 11	0.52459 0.352577
MAP2K2	2 5	1 1	0.89726 0.157895
ROS1	3 11	7 11	0.500132 0.347236
ATM	3 5	7 18	0.717288 0.392932
JAK1	1 2	1 8	0.714286 0.494521
PDGFRA	10 8	12 12	0.562023 0.462051
STAT5B	1 0	1 6	0.868132 0.131013
MAP2K1	2 2	2 1	0.213524 0.142857
BRCA2	7 10	5 2	0.485944 0.0793651
HRAS	2 1	1 3	0.733333 0.179896
GNAS	1 3	1 3	0.346939 0.319267
KMT2A	1 1	1 6	0.140351 0.260007
MSH2	5 5	2 9	0.471154 0.268275
KDR	4 3	2 6	0.869434 0.226107
JAK2	2 6	2 4	0.863889 0.516764
CCND3	2 2	1 0	0.027027 -1
ERBB4	2 3	2 15	0.364815 0.419677
CHEK2	0 1	2 3	0.418651 0.100891

6-th reference
AKT3	1 0	1 2	0.852941 0.516978
PAK7	2 1	6 6	0.598116 0.4234
IDH2	0 0	1 3	0.0621118 0.369763
STAT3	2 3	3 3	0.318999 0.195835
SRC	2 3	2 7	0.571504 0.182901
KIR3DL3	3 0	2 6	0.334195 0.390465
ALK	13 13	1 13	0.475248 0.354531
ERBB3	1 1	5 10	0.31309 0.231501
SF3B1	4 4	5 7	0.369303 0.378353
RAC1	2 2	1 3	0.970588 0.45307
TRRAP	7 9	3 11	0.544271 0.217706
PRKCD	7 7	1 6	0.545455 0.299671
TYK2	5 3	1 8	0.115789 0.282745
FGFR4	8 4	2 11	0.0419543 0.370985
FRK	4 4	6 0	0.335434 -1
EGFR	5 6	2 16	0.473573 0.287999
TTK	0 10	1 7	0.0957447 0.538961
MTOR	7 8	1 4	0.878378 0.161362
APC	6 6	1 4	0.8125 0.462756
EPHA5	4 4	3 6	0.295084 0.354032
PMS2	9 5	3 4	0.235218 0.340902
IL7R	5 3	3 4	0.545417 0.38835
NF1	5 10	2 8	0.81875 0.327442
TEK	7 9	6 7	0.619645 0.416168
ETV6	0 0	1 2	0.0824742 0.316206
NFKBIA	1 1	1 4	0.807339 0.235528
CSF1R	3 4	5 7	0.27797 0.307445
MSH6	6 11	2 3	0.407844 0.366242
NRAS	1 0	1 2	0.0373832 0.289886
KIT	1 1	3 2	0.376758 0.341991
AKT2	1 0	1 8	0.870588 0.200919
BARD1	8 7	4 1	0.808381 0.52
FGFR3	1 3	1 10	0.479167 0.283823
MLH1	1 1	3 7	0.554964 0.444631
ASXL1	3 2	5 3	0.490734 0.292487
NFKB2	5 4	1 18	0.0816327 0.206642
RET	4 9	7 18	0.644972 0.2026
PRKCG	3 3	2 6	0.533023 0.265102
GNA11	1 5	5 3	0.808395 0.0974566
RB1	7 10	3 4	0.826691 0.170626
JAK3	1 1	4 14	0.703473 0.366554
FLT3	8 5	4 10	0.534288 0.531509
STK11	6 1	1 11	0.212121 0.328175
CARD11	8 8	7 10	0.387481 0.228372
SETBP1	1 1	1 1	0.136842 0.461538
IGF1R	6 4	6 8	0.489367 0.33463
DNMT3A	3 1	1 13	0.0185185 0.289122
AXL	2 3	1 5	0.306452 0.0726359
SH2B3	2 0	1 2	0.0107527 0.181985
STK33	2 1	3 3	0.515717 0.429491
BCR	7 6	7 22	0.442561 0.407513
ERBB2	0 2	4 8	0.0632743 0.274057
PDGFRB	6 6	1 13	0.333333 0.320165
MPL	1 2	3 3	0.412842 0.183584
TNK2	2 0	1 11	0.52459 0.253193
MAP2K2	2 5	1 1	0.89726 0.16
ROS1	3 8	7 5	0.500132 0.433346
ATM	3 12	7 5	0.717288 0.497315
JAK1	1 3	1 8	0.714286 0.370982
PDGFRA	10 18	12 3	0.562023 0.292674
STAT5B	1 1	1 1	0.868132 0.15625
MAP2K1	2 0	2 4	0.213524 0.381279
BRCA2	7 8	5 5	0.485944 0.401639
HRAS	2 3	1 0	0.733333 -1
GNAS	1 2	1 22	0.346939 0.095582
KMT2A	1 1	1 7	0.140351 0.301804
MSH2	5 0	2 10	0.471154 0.408775
KDR	4 6	2 6	0.869434 0.288719
JAK2	2 2	2 3	0.863889 0.424678
CCND3	2 2	1 3	0.027027 0.128299
ERBB4	2 3	2 9	0.364815 0.337646
CHEK2	0 1	2 4	0.418651 0.240553

7-th reference
AKT3	1 0	1 3	0.852941 0.343819
PAK7	2 1	6 5	0.598116 0.469911
IDH2	0 0	1 1	0.0621118 0.759259
STAT3	2 0	3 3	0.318999 0.442217
SRC	2 2	2 0	0.571504 -1
KIR3DL3	3 3	2 1	0.334195 0.538462
ALK	13 12	1 7	0.475248 0.450398
ERBB3	1 2	5 3	0.31309 0.122174
SF3B1	4 5	5 8	0.369303 0.330244
RAC1	2 0	1 3	0.970588 0.143333
TRRAP	7 7	3 18	0.544271 0.401725
PRKCD	7 6	1 4	0.545455 0.54452
TYK2	5 0	1 5	0.115789 0.145115
FGFR4	8 11	2 7	0.0419543 0.237076
FRK	4 2	6 2	0.335434 0.310135
EGFR	5 6	2 7	0.473573 0.56668
TTK	0 0	1 12	0.0957447 0.585967
MTOR	7 7	1 16	0.878378 0.810487
APC	6 9	1 1	0.8125 0.447368
EPHA5	4 3	3 7	0.295084 0.391052
PMS2	9 3	3 1	0.235218 0.515152
IL7R	5 0	3 1	0.545417 0.526316
NF1	5 2	2 19	0.81875 0.375937
TEK	7 1	6 8	0.619645 0.565831
ETV6	0 1	1 3	0.0824742 0.389007
NFKBIA	1 1	1 8	0.807339 0.279465
CSF1R	3 6	5 9	0.27797 0.417733
MSH6	6 6	2 7	0.407844 0.41242
NRAS	1 0	1 1	0.0373832 0.528302
KIT	1 0	3 4	0.376758 0.41437
AKT2	1 1	1 4	0.870588 0.360722
BARD1	8 9	4 5	0.808381 0.545416
FGFR3	1 3	1 11	0.479167 0.282882
MLH1	1 1	3 3	0.554964 0.226586
ASXL1	3 4	5 1	0.490734 0.0597015
NFKB2	5 5	1 5	0.0816327 0.153412
RET	4 5	7 21	0.644972 0.315908
PRKCG	3 2	2 4	0.533023 0.288424
GNA11	1 1	5 6	0.808395 0.303147
RB1	7 9	3 6	0.826691 0.227694
JAK3	1 1	4 12	0.703473 0.586461
FLT3	8 2	4 13	0.534288 0.818542
STK11	6 0	1 3	0.212121 0.14205
CARD11	8 5	7 5	0.387481 0.0657707
SETBP1	1 1	1 7	0.136842 0.26366
IGF1R	6 3	6 4	0.489367 0.718677
DNMT3A	3 3	1 4	0.0185185 0.137899
AXL	2 1	1 3	0.306452 0.247653
SH2B3	2 1	1 2	0.0107527 0.559605
STK33	2 0	3 5	0.515717 0.362315
BCR	7 6	7 9	0.442561 0.41428
ERBB2	0 4	4 7	0.0632743 0.360302
PDGFRB	6 7	1 9	0.333333 0.250948
MPL	1 0	3 4	0.412842 0.468936
TNK2	2 0	1 6	0.52459 0.382734
MAP2K2	2 4	1 1	0.89726 0.269231
ROS1	3 8	7 9	0.500132 0.406759
ATM	3 13	7 7	0.717288 0.368992
JAK1	1 2	1 8	0.714286 0.581489
PDGFRA	10 11	12 4	0.562023 0.244936
STAT5B	1 0	1 3	0.868132 0.372386
MAP2K1	2 2	2 0	0.213524 -1
BRCA2	7 4	5 9	0.485944 0.204446
HRAS	2 0	1 1	0.733333 0.0625
GNAS	1 2	1 2	0.346939 0.346787
KMT2A	1 0	1 5	0.140351 0.407323
MSH2	5 3	2 9	0.471154 0.368246
KDR	4 6	2 0	0.869434 -1
JAK2	2 2	2 2	0.863889 0.24879
CCND3	2 1	1 1	0.027027 0.52459
ERBB4	2 7	2 5	0.364815 0.315317
CHEK2	0 1	2 2	0.418651 0.550272

8-th reference
AKT3	1 0	1 1	0.852941 0.140351
PAK7	2 1	6 10	0.598116 0.27741
IDH2	0 0	1 1	0.0621118 0.533333
STAT3	2 1	3 1	0.318999 0.128205
SRC	2 2	2 3	0.571504 0.391447
KIR3DL3	3 1	2 8	0.334195 0.500864
ALK	13 10	1 15	0.475248 0.386341
ERBB3	1 0	5 7	0.31309 0.276886
SF3B1	4 6	5 4	0.369303 0.444976
RAC1	2 0	1 5	0.970588 0.206756
TRRAP	7 10	3 7	0.544271 0.189835
PRKCD	7 7	1 3	0.545455 0.352727
TYK2	5 2	1 9	0.115789 0.332393
FGFR4	8 10	2 4	0.0419543 0.157319
FRK	4 1	6 1	0.335434 0.571429
EGFR	5 3	2 6	0.473573 0.205975
TTK	0 0	1 14	0.0957447 0.46163
MTOR	7 11	1 6	0.878378 0.138189
APC	6 8	1 4	0.8125 0.197137
PMS2	9 5	3 4	0.235218 0.503591
IL7R	5 3	3 4	0.545417 0.347707
NF1	5 11	2 9	0.81875 0.293118
TEK	7 10	6 11	0.619645 0.370454
ETV6	0 1	1 3	0.0824742 0.196227
NFKBIA	1 2	1 4	0.807339 0.319838
CSF1R	3 7	5 5	0.27797 0.427436
MSH6	6 2	2 10	0.407844 0.484473
NRAS	1 0	1 1	0.0373832 0.536585
KIT	1 1	3 3	0.376758 0.192337
AKT2	1 0	1 5	0.870588 0.288085
BARD1	8 9	4 8	0.808381 0.494253
FGFR3	1 1	1 6	0.479167 0.366282
MLH1	1 0	3 2	0.554964 0.422727
ASXL1	3 3	5 10	0.490734 0.324446
NFKB2	5 4	1 2	0.0816327 0.190476
RET	4 2	7 7	0.644972 0.376089
PRKCG	3 1	2 3	0.533023 0.146578
GNA11	1 1	5 5	0.808395 0.616046
RB1	7 8	3 3	0.826691 0.424143
JAK3	1 0	4 17	0.703473 0.397864
FLT3	8 10	4 7	0.534288 0.640594
STK11	6 1	1 5	0.212121 0.458724
CARD11	8 5	7 6	0.387481 0.263205
SETBP1	1 1	1 2	0.136842 0.298993
IGF1R	6 9	6 199	0.489367 0.047621
DNMT3A	3 0	1 14	0.0185185 0.376637
AXL	2 1	1 3	0.306452 0.169578
SH2B3	2 3	1 5	0.0107527 0.203718
STK33	2 0	3 6	0.515717 0.621513
BCR	7 8	7 9	0.442561 0.315439
ERBB2	0 1	4 7	0.0632743 0.156733
PDGFRB	6 0	1 9	0.333333 0.547333
MPL	1 2	3 2	0.412842 0.339706
TNK2	2 0	1 7	0.52459 0.36082
MAP2K2	2 2	1 5	0.89726 0.267546
ROS1	3 3	7 12	0.500132 0.378739
ATM	3 2	7 12	0.717288 0.218781
JAK1	1 9	1 2	0.714286 0.195226
PDGFRA	10 11	12 3	0.562023 0.206051
STAT5B	1 1	1 1	0.868132 0.16
MAP2K1	2 1	2 6	0.213524 0.405666
BRCA2	7 9	5 4	0.485944 0.384184
GNAS	1 1	1 1	0.346939 0.170213
KMT2A	1 2	1 13	0.140351 0.243935
MSH2	5 0	2 5	0.471154 0.308156
KDR	4 4	2 6	0.869434 0.471947
JAK2	2 3	2 4	0.863889 0.481841
CCND3	2 2	1 0	0.027027 -1
ERBB4	2 1	2 16	0.364815 0.455197
CHEK2	0 0	2 5	0.418651 0.304707

9-th reference
AKT3	1 0	1 1	0.852941 0.15
PAK7	2 1	6 1	0.598116 0.163265
IDH2	0 0	1 6	0.0621118 0.427983
STAT3	2 2	3 4	0.318999 0.273498
SRC	2 2	2 3	0.571504 0.323288
KIR3DL3	3 5	2 8	0.334195 0.318362
ALK	13 10	1 12	0.475248 0.410246
ERBB3	1 1	5 6	0.31309 0.147015
SF3B1	4 3	5 1	0.369303 0.27451
RAC1	2 0	1 8	0.970588 0.274173
TRRAP	7 9	3 16	0.544271 0.219267
PRKCD	7 7	1 2	0.545455 0.525
TYK2	5 1	1 11	0.115789 0.510696
FGFR4	8 1	2 8	0.0419543 0.410359
FRK	4 3	6 2	0.335434 0.330891
EGFR	5 1	2 11	0.473573 0.374481
TTK	0 0	1 15	0.0957447 0.4173
MTOR	7 11	1 10	0.878378 0.181158
APC	6 9	1 5	0.8125 0.162522
EPHA5	4 5	3 7	0.295084 0.417432
PMS2	9 3	3 5	0.235218 0.24428
IL7R	5 3	3 4	0.545417 0.443354
NF1	5 10	2 9	0.81875 0.315956
TEK	7 5	6 14	0.619645 0.453178
ETV6	0 0	1 3	0.0824742 0.386053
NFKBIA	1 0	1 3	0.807339 0.522727
CSF1R	3 2	5 10	0.27797 0.376691
MSH6	6 8	2 6	0.407844 0.395044
NRAS	1 1	1 0	0.0373832 -1
KIT	1 1	3 4	0.376758 0.337669
AKT2	1 1	1 7	0.870588 0.227052
BARD1	8 8	4 10	0.808381 0.429419
FGFR3	1 1	1 1	0.479167 0.166667
MLH1	1 0	3 3	0.554964 0.291151
ASXL1	3 2	5 1	0.490734 0.228571
NFKB2	5 4	1 3	0.0816327 0.165895
RET	4 8	7 4	0.644972 0.296322
PRKCG	3 2	2 4	0.533023 0.273636
GNA11	1 3	5 6	0.808395 0.44313
RB1	7 8	3 6	0.826691 0.437075
JAK3	1 3	4 14	0.703473 0.288802
FLT3	8 9	4 8	0.534288 0.493209
STK11	6 1	1 3	0.212121 0.408365
CARD11	8 4	7 21	0.387481 0.363348
SETBP1	1 2	1 1	0.136842 0.2
IGF1R	6 6	6 4	0.489367 0.359614
DNMT3A	3 1	1 11	0.0185185 0.335889
AXL	2 1	1 4	0.306452 0.298417
SH2B3	2 0	1 3	0.0107527 0.248147
STK33	2 1	3 1	0.515717 0.170732
BCR	7 8	7 13	0.442561 0.388629
ERBB2	0 2	4 8	0.0632743 0.293106
PDGFRB	6 4	1 11	0.333333 0.331718
MPL	1 1	3 4	0.412842 0.2941
TNK2	2 1	1 12	0.52459 0.303553
MAP2K2	2 4	1 6	0.89726 0.219537
ROS1	3 4	7 11	0.500132 0.429297
ATM	3 15	7 7	0.717288 0.176493
JAK1	1 3	1 9	0.714286 0.372464
PDGFRA	10 11	12 2	0.562023 0.57381
STAT5B	1 1	1 4	0.868132 0.255894
MAP2K1	2 2	2 2	0.213524 0.165459
BRCA2	7 9	5 3	0.485944 0.359946
HRAS	2 0	1 3	0.733333 0.430871
GNAS	1 1	1 3	0.346939 0.198134
KMT2A	1 1	1 8	0.140351 0.167243
MSH2	5 0	2 9	0.471154 0.445948
KDR	4 7	2 10	0.869434 0.421045
JAK2	2 4	2 0	0.863889 -1
CCND3	2 1	1 3	0.027027 0.367949
ERBB4	2 3	2 12	0.364815 0.364207
CHEK2	0 0	2 4	0.418651 0.397292

10-th reference
PAK7	2 1	6 4	0.598116 0.505929
IDH2	0 2	1 4	0.0621118 0.363052
STAT3	2 1	3 4	0.318999 0.438547
SRC	2 3	2 4	0.571504 0.17708
KIR3DL3	3 0	2 3	0.334195 0.302469
ALK	13 11	1 8	0.475248 0.452604
ERBB3	1 1	5 1	0.31309 0.222222
SF3B1	4 4	5 4	0.369303 0.376289
RAC1	2 0	1 2	0.970588 0.149457
TRRAP	7 0	3 17	0.544271 0.386678
PRKCD	7 6	1 5	0.545455 0.559642
TYK2	5 2	1 10	0.115789 0.367953
FGFR4	8 0	2 1	0.0419543 0.15625
FRK	4 0	6 4	0.335434 0.471414
EGFR	5 1	2 6	0.473573 0.424936
TTK	0 0	1 1	0.0957447 0.777778
MTOR	7 3	1 1	0.878378 0.157895
APC	6 7	1 1	0.8125 0.52381
EPHA5	4 3	3 3	0.295084 0.357899
PMS2	9 2	3 1	0.235218 0.5625
IL7R	5 6	3 4	0.545417 0.362048
NF1	5 10	2 2	0.81875 0.282258
TEK	7 6	6 6	0.619645 0.442725
ETV6	0 0	1 1	0.0824742 0.102041
NFKBIA	1 1	1 5	0.807339 0.454384
CSF1R	3 5	5 9	0.27797 0.513064
MSH6	6 4	2 3	0.407844 0.561215
NRAS	1 0	1 1	0.0373832 0.305556
KIT	1 0	3 3	0.376758 0.349425
AKT2	1 1	1 2	0.870588 0.392473
BARD1	8 9	4 6	0.808381 0.356283
FGFR3	1 1	1 3	0.479167 0.196188
MLH1	1 0	3 8	0.554964 0.497791
ASXL1	3 3	5 4	0.490734 0.457206
NFKB2	5 3	1 5	0.0816327 0.339323
RET	4 9	7 9	0.644972 0.261602
PRKCG	3 2	2 2	0.533023 0.392663
GNA11	1 4	5 5	0.808395 0.564927
RB1	7 6	3 0	0.826691 -1
JAK3	1 0	4 4	0.703473 0.449314
FLT3	8 4	4 10	0.534288 0.532201
STK11	6 1	1 5	0.212121 0.497214
CARD11	8 3	7 0	0.387481 -1
SETBP1	1 2	1 0	0.136842 -1
IGF1R	6 6	6 5	0.489367 0.554325
DNMT3A	3 0	1 6	0.0185185 0.360714
AXL	2 2	1 4	0.306452 0.288484
STK33	2 1	3 1	0.515717 0.5
BCR	7 8	7 10	0.442561 0.323572
ERBB2	0 4	4 56	0.0632743 0.0500291
PDGFRB	6 9	1 8	0.333333 0.435529
MPL	1 2	3 3	0.412842 0.203195
TNK2	2 0	1 6	0.52459 0.437701
MAP2K2	2 1	1 6	0.89726 0.398948
ROS1	3 4	7 5	0.500132 0.408045
ATM	3 2	7 3	0.717288 0.361111
JAK1	1 10	1 2	0.714286 0.168581
PDGFRA	10 10	12 13	0.562023 0.52248
STAT5B	1 2	1 3	0.868132 0.183207
MAP2K1	2 1	2 4	0.213524 0.375714
BRCA2	7 8	5 1	0.485944 0.581395
HRAS	2 1	1 3	0.733333 0.237892
GNAS	1 3	1 2	0.346939 0.467532
KMT2A	1 1	1 2	0.140351 0.176383
MSH2	5 0	2 3	0.471154 0.288499
KDR	4 2	2 6	0.869434 0.408888
CCND3	2 0	1 3	0.027027 0.306313
ERBB4	2 4	2 9	0.364815 0.435128
CHEK2	0 1	2 0	0.418651 -1

11-th reference
PAK7	2 4	6 3	0.598116 0.233557
IDH2	0 1	1 8	0.0621118 0.327433
STAT3	2 1	3 5	0.318999 0.259686
SRC	2 2	2 3	0.571504 0.186797
KIR3DL3	3 3	2 6	0.334195 0.601349
ALK	13 11	1 6	0.475248 0.294338
ERBB3	1 1	5 2	0.31309 0.125524
SF3B1	4 6	5 6	0.369303 0.381842
RAC1	2 3	1 2	0.970588 0.707108
TRRAP	7 9	3 10	0.544271 0.223762
PRKCD	7 7	1 4	0.545455 0.387237
TYK2	5 0	1 2	0.115789 0.172697
FGFR4	8 5	2 11	0.0419543 0.433875
FRK	4 3	6 2	0.335434 0.215127
EGFR	5 6	2 12	0.473573 0.406735
TTK	0 12	1 0	0.0957447 -1
MTOR	7 7	1 10	0.878378 0.314274
APC	6 7	1 3	0.8125 0.375609
EPHA5	4 2	3 5	0.295084 0.469108
PMS2	9 3	3 4	0.235218 0.410484
IL7R	5 0	3 2	0.545417 0.371147
NF1	5 2	2 21	0.81875 0.355776
TEK	7 12	6 16	0.619645 0.46835
ETV6	0 0	1 3	0.0824742 0.267102
NFKBIA	1 4	1 1	0.807339 0.73913
CSF1R	3 2	5 12	0.27797 0.319394
MSH6	6 0	2 8	0.407844 0.395863
NRAS	1 1	1 1	0.0373832 0.25
KIT	1 1	3 4	0.376758 0.232868
AKT2	1 1	1 4	0.870588 0.249704
BARD1	8 7	4 9	0.808381 0.485435
FGFR3	1 2	1 6	0.479167 0.293293
MLH1	1 1	3 6	0.554964 0.469907
ASXL1	3 3	5 8	0.490734 0.340123
NFKB2	5 3	1 10	0.0816327 0.263316
RET	4 11	7 9	0.644972 0.310062
PRKCG	3 4	2 8	0.533023 0.168772
GNA11	1 3	5 6	0.808395 0.519256
RB1	7 8	3 3	0.826691 0.581
JAK3	1 2	4 13	0.703473 0.473775
FLT3	8 4	4 11	0.534288 0.5056
STK11	6 0	1 3	0.212121 0.35133
CARD11	8 6	7 10	0.387481 0.321834
SETBP1	1 1	1 4	0.136842 0.357123
IGF1R	6 6	6 9	0.489367 0.391324
DNMT3A	3 3	1 4	0.0185185 0.234898
AXL	2 4	1 13	0.306452 0.269119
SH2B3	2 0	1 4	0.0107527 0.273604
STK33	2 2	3 1	0.515717 0.452381
BCR	7 4	7 6	0.442561 0.268869
ERBB2	0 5	4 11	0.0632743 0.182138
PDGFRB	6 5	1 8	0.333333 0.228693
MPL	1 1	3 6	0.412842 0.30006
TNK2	2 0	1 8	0.52459 0.331291
MAP2K2	2 2	1 6	0.89726 0.274745
ROS1	3 9	7 15	0.500132 0.344524
ATM	3 4	7 14	0.717288 0.430977
JAK1	1 3	1 7	0.714286 0.432018
PDGFRA	10 9	12 13	0.562023 0.537637
STAT5B	1 0	1 4	0.868132 0.238576
MAP2K1	2 1	2 4	0.213524 0.467449
BRCA2	7 11	5 3	0.485944 0.305322
HRAS	2 0	1 1	0.733333 0.181818
GNAS	1 2	1 2	0.346939 0.179144
KMT2A	1 0	1 10	0.140351 0.267299
MSH2	5 1	2 9	0.471154 0.404645
KDR	4 5	2 4	0.869434 0.339039
JAK2	2 1	2 4	0.863889 0.457513
CCND3	2 0	1 7	0.027027 0.342058
ERBB4	2 5	2 12	0.364815 0.418546
CHEK2	0 2	2 1	0.418651 0.25

12-th reference
AKT3	1 0	1 1	0.852941 0.28125
PAK7	2 1	6 8	0.598116 0.375482
IDH2	0 0	1 8	0.0621118 0.381856
STAT3	2 0	3 3	0.318999 0.16586
SRC	2 2	2 3	0.571504 0.195571
KIR3DL3	3 0	2 2	0.334195 0.19375
ALK	13 11	1 10	0.475248 0.337703
ERBB3	1 0	5 12	0.31309 0.263989
SF3B1	4 5	5 8	0.369303 0.437833
RAC1	2 2	1 1	0.970588 0.176471
TRRAP	7 6	3 27	0.544271 0.333423
PRKCD	7 7	1 6	0.545455 0.37841
TYK2	5 1	1 10	0.115789 0.253203
FGFR4	8 2	2 7	0.0419543 0.290203
FRK	4 1	6 3	0.335434 0.425635
EGFR	5 1	2 7	0.473573 0.219451
TTK	0 11	1 3	0.0957447 0.434476
MTOR	7 10	1 16	0.878378 0.335043
APC	6 6	1 9	0.8125 0.301769
EPHA5	4 6	3 2	0.295084 0.465278
PMS2	9 3	3 4	0.235218 0.173831
IL7R	5 6	3 5	0.545417 0.238615
NF1	5 6	2 12	0.81875 0.464343
TEK	7 4	6 10	0.619645 0.500802
ETV6	0 0	1 4	0.0824742 0.25529
NFKBIA	1 0	1 3	0.807339 0.449915
CSF1R	3 5	5 12	0.27797 0.320809
MSH6	6 3	2 10	0.407844 0.395114
NRAS	1 0	1 2	0.0373832 0.486014
KIT	1 1	3 4	0.376758 0.215975
AKT2	1 0	1 7	0.870588 0.220201
BARD1	8 13	4 2	0.808381 0.15911
FGFR3	1 1	1 5	0.479167 0.195825
MLH1	1 1	3 9	0.554964 0.47238
ASXL1	3 1	5 8	0.490734 0.367767
NFKB2	5 3	1 13	0.0816327 0.248489
RET	4 4	7 15	0.644972 0.38187
PRKCG	3 0	2 10	0.533023 0.17757
GNA11	1 3	5 7	0.808395 0.550348
RB1	7 7	3 3	0.826691 0.389535
JAK3	1 0	4 16	0.703473 0.223845
FLT3	8 4	4 14	0.534288 0.371521
STK11	6 1	1 2	0.212121 0.548611
CARD11	8 7	7 10	0.387481 0.334802
SETBP1	1 2	1 1	0.136842 0.181818
IGF1R	6 7	6 5	0.489367 0.281799
DNMT3A	3 0	1 15	0.0185185 0.264297
AXL	2 3	1 9	0.306452 0.408458
SH2B3	2 0	1 6	0.0107527 0.301953
STK33	2 2	3 0	0.515717 -1
BCR	7 11	7 12	0.442561 0.249765
ERBB2	0 0	4 12	0.0632743 0.223996
PDGFRB	6 7	1 14	0.333333 0.234527
MPL	1 0	3 6	0.412842 0.358289
TNK2	2 0	1 10	0.52459 0.334272
MAP2K2	2 3	1 8	0.89726 0.314299
ROS1	3 2	7 12	0.500132 0.534183
ATM	3 3	7 4	0.717288 0.299099
JAK1	1 0	1 3	0.714286 0.172624
PDGFRA	10 11	12 2	0.562023 0.172866
STAT5B	1 0	1 10	0.868132 0.268741
MAP2K1	2 2	2 0	0.213524 -1
BRCA2	7 9	5 5	0.485944 0.664425
HRAS	2 0	1 3	0.733333 0.19057
GNAS	1 1	1 2	0.346939 0.121069
KMT2A	1 4	1 13	0.140351 0.219195
MSH2	5 2	2 11	0.471154 0.360155
KDR	4 5	2 6	0.869434 0.218969
JAK2	2 3	2 4	0.863889 0.479661
CCND3	2 1	1 2	0.027027 0.2125
ERBB4	2 3	2 11	0.364815 0.384074
CHEK2	0 1	2 5	0.418651 0.186251

13-th reference
AKT3	1 0	1 3	0.852941 0.117781
PAK7	2 0	6 5	0.598116 0.262768
IDH2	0 2	1 2	0.0621118 0.210399
STAT3	2 0	3 4	0.318999 0.485958
SRC	2 2	2 5	0.571504 0.338966
KIR3DL3	3 3	2 2	0.334195 0.341667
ALK	13 14	1 9	0.475248 0.374921
ERBB3	1 0	5 8	0.31309 0.363215
SF3B1	4 4	5 4	0.369303 0.420385
RAC1	2 0	1 5	0.970588 0.215026
TRRAP	7 10	3 3	0.544271 0.4167
PRKCD	7 8	1 6	0.545455 0.412886
TYK2	5 1	1 7	0.115789 0.521741
FGFR4	8 11	2 1	0.0419543 0.0447761
FRK	4 4	6 0	0.335434 -1
EGFR	5 4	2 5	0.473573 0.498366
TTK	0 11	1 5	0.0957447 0.555682
MTOR	7 6	1 4	0.878378 0.246453
APC	6 6	1 2	0.8125 0.602564
EPHA5	4 3	3 6	0.295084 0.34396
PMS2	9 4	3 2	0.235218 0.269231
IL7R	5 6	3 2	0.545417 0.48652
NF1	5 10	2 8	0.81875 0.26915
TEK	7 5	6 2	0.619645 0.84127
ETV6	0 0	1 2	0.0824742 0.275033
NFKBIA	1 1	1 1	0.807339 0.405797
CSF1R	3 8	5 3	0.27797 0.530543
MSH6	6 9	2 8	0.407844 0.268583
NRAS	1 0	1 1	0.0373832 0.357143
KIT	1 2	3 2	0.376758 0.478092
BARD1	8 2	4 6	0.808381 0.524654
FGFR3	1 2	1 1	0.479167 0.0892857
MLH1	1 0	3 2	0.554964 0.391026
ASXL1	3 5	5 4	0.490734 0.712072
NFKB2	5 4	1 6	0.0816327 0.316133
RET	4 9	7 9	0.644972 0.359041
PRKCG	3 2	2 2	0.533023 0.225748
GNA11	1 3	5 4	0.808395 0.713337
RB1	7 8	3 5	0.826691 0.669619
JAK3	1 4	4 13	0.703473 0.443767
FLT3	8 8	4 3	0.534288 0.746001
STK11	6 1	1 5	0.212121 0.282639
CARD11	8 7	7 2	0.387481 0.2
SETBP1	1 1	1 3	0.136842 0.208488
IGF1R	6 4	6 7	0.489367 0.482434
DNMT3A	3 1	1 3	0.0185185 0.549246
SH2B3	2 1	1 0	0.0107527 -1
STK33	2 1	3 2	0.515717 0.125417
BCR	7 7	7 6	0.442561 0.235365
ERBB2	0 2	4 4	0.0632743 0.507198
PDGFRB	6 5	1 6	0.333333 0.324406
MPL	1 0	3 2	0.412842 0.369267
TNK2	2 0	1 11	0.52459 0.425429
MAP2K2	2 4	1 3	0.89726 0.207596
ROS1	3 2	7 7	0.500132 0.492446
ATM	3 4	7 9	0.717288 0.181711
PDGFRA	10 8	12 9	0.562023 0.399489
STAT5B	1 0	1 2	0.868132 0.357586
MAP2K1	2 1	2 3	0.213524 0.542552
BRCA2	7 7	5 1	0.485944 0.8
HRAS	2 1	1 4	0.733333 0.312248
GNAS	1 1	1 7	0.346939 0.165101
KMT2A	1 2	1 4	0.140351 0.201496
MSH2	5 0	2 7	0.471154 0.377374
KDR	4 4	2 6	0.869434 0.369977
JAK2	2 1	2 4	0.863889 0.628803
CCND3	2 2	1 1	0.027027 0.637931
ERBB4	2 5	2 10	0.364815 0.422064
CHEK2	0 0	2 2	0.418651 0.48007

14-th reference
AKT3	1 0	1 3	0.852941 0.246994
PAK7	2 0	6 5	0.598116 0.358541
IDH2	0 0	1 2	0.0621118 0.132114
STAT3	2 0	3 2	0.318999 0.760256
SRC	2 2	2 1	0.571504 0.44186
ALK	13 10	1 4	0.475248 0.404973
ERBB3	1 3	5 3	0.31309 0.254346
SF3B1	4 4	5 5	0.369303 0.426541
RAC1	2 0	1 5	0.970588 0.463444
TRRAP	7 10	3 2	0.544271 0.343023
PRKCD	7 9	1 3	0.545455 0.31256
TYK2	5 6	1 5	0.115789 0.339002
FGFR4	8 7	2 4	0.0419543 0.334351
FRK	4 1	6 0	0.335434 -1
EGFR	5 3	2 6	0.473573 0.378195
MTOR	7 7	1 1	0.878378 0.568182
APC	6 7	1 0	0.8125 -1
EPHA5	4 3	3 7	0.295084 0.433571
PMS2	9 4	3 2	0.235218 0.296245
IL7R	5 3	3 4	0.545417 0.512207
NF1	5 10	2 6	0.81875 0.27269
TEK	7 14	6 6	0.619645 0.44795
ETV6	0 0	1 1	0.0824742 0.507246
NFKBIA	1 1	1 1	0.807339 0.5
CSF1R	3 5	5 8	0.27797 0.444322
MSH6	6 4	2 4	0.407844 0.390854
NRAS	1 0	1 1	0.0373832 0.478261
KIT	1 1	3 1	0.376758 0.0642857
AKT2	1 1	1 1	0.870588 0.880952
BARD1	8 9	4 5	0.808381 0.395441
FGFR3	1 2	1 0	0.479167 -1
ASXL1	3 3	5 4	0.490734 0.366972
NFKB2	5 2	1 3	0.0816327 0.451691
RET	4 11	7 4	0.644972 0.299572
GNA11	1 2	5 4	0.808395 0.510705
RB1	7 8	3 2	0.826691 0.304113
JAK3	1 0	4 3	0.703473 0.429149
FLT3	8 8	4 8	0.534288 0.55768
STK11	6 2	1 1	0.212121 0.871795
CARD11	8 2	7 7	0.387481 0.272098
SETBP1	1 1	1 3	0.136842 0.109722
IGF1R	6 5	6 7	0.489367 0.53299
DNMT3A	3 4	1 1	0.0185185 0.266667
AXL	2 1	1 3	0.306452 0.40211
SH2B3	2 0	1 3	0.0107527 0.526918
STK33	2 0	3 3	0.515717 0.428596
BCR	7 3	7 3	0.442561 0.225607
ERBB2	0 9	4 189	0.0632743 0.0252762
PDGFRB	6 4	1 6	0.333333 0.388534
MPL	1 1	3 0	0.412842 -1
TNK2	2 3	1 7	0.52459 0.319109
MAP2K2	2 2	1 5	0.89726 0.380778
ROS1	3 4	7 6	0.500132 0.318818
ATM	3 4	7 15	0.717288 0.57721
JAK1	1 0	1 3	0.714286 0.187863
PDGFRA	10 9	12 14	0.562023 0.48001
STAT5B	1 1	1 1	0.868132 0.2
MAP2K1	2 2	2 1	0.213524 0.25
BRCA2	7 7	5 4	0.485944 0.35813
GNAS	1 1	1 2	0.346939 0.344898
KMT2A	1 1	1 4	0.140351 0.165109
MSH2	5 2	2 5	0.471154 0.414008
KDR	4 3	2 4	0.869434 0.439263
JAK2	2 1	2 2	0.863889 0.240385
CCND3	2 1	1 1	0.027027 0.54
ERBB4	2 3	2 8	0.364815 0.339579
CHEK2	0 1	2 4	0.418651 0.329569

15-th reference
AKT3	1 0	1 1	0.852941 0.172414
PAK7	2 1	6 1	0.598116 0.393443
IDH2	0 1	1 3	0.0621118 0.242181
STAT3	2 0	3 2	0.318999 0.372738
SRC	2 2	2 1	0.571504 0.125
ALK	13 9	1 8	0.475248 0.467177
ERBB3	1 0	5 6	0.31309 0.349031
SF3B1	4 2	5 1	0.369303 0.204082
RAC1	2 3	1 3	0.970588 0.385823
TRRAP	7 7	3 19	0.544271 0.381563
PRKCD	7 7	1 10	0.545455 0.406761
TYK2	5 5	1 7	0.115789 0.505336
FGFR4	8 11	2 2	0.0419543 0.202866
FRK	4 0	6 3	0.335434 0.482832
EGFR	5 6	2 11	0.473573 0.448795
TTK	0 10	1 6	0.0957447 0.491088
MTOR	7 7	1 1	0.878378 0.190476
APC	6 6	1 4	0.8125 0.395064
EPHA5	4 4	3 3	0.295084 0.137617
PMS2	9 3	3 1	0.235218 0.386364
IL7R	5 3	3 4	0.545417 0.469923
NF1	5 10	2 8	0.81875 0.243838
TEK	7 8	6 9	0.619645 0.483876
ETV6	0 0	1 2	0.0824742 0.349498
NFKBIA	1 1	1 5	0.807339 0.487012
CSF1R	3 2	5 10	0.27797 0.359657
MSH6	6 8	2 5	0.407844 0.428517
NRAS	1 1	1 0	0.0373832 -1
KIT	1 1	3 2	0.376758 0.545304
AKT2	1 0	1 3	0.870588 0.344991
BARD1	8 7	4 8	0.808381 0.48443
FGFR3	1 1	1 4	0.479167 0.131798
MLH1	1 0	3 3	0.554964 0.480925
ASXL1	3 7	5 1	0.490734 0.125
NFKB2	5 4	1 2	0.0816327 0.30037
RET	4 3	7 9	0.644972 0.389726
PRKCG	3 2	2 4	0.533023 0.235236
GNA11	1 5	5 2	0.808395 0.247222
RB1	7 8	3 5	0.826691 0.211991
JAK3	1 1	4 11	0.703473 0.349004
FLT3	8 6	4 2	0.534288 0.639344
STK11	6 1	1 5	0.212121 0.282847
CARD11	8 7	7 4	0.387481 0.355536
SETBP1	1 1	1 2	0.136842 0.618915
IGF1R	6 6	6 3	0.489367 0.482362
DNMT3A	3 3	1 5	0.0185185 0.237195
AXL	2 2	1 6	0.306452 0.153715
SH2B3	2 0	1 2	0.0107527 0.321239
STK33	2 0	3 5	0.515717 0.351392
BCR	7 4	7 12	0.442561 0.451835
ERBB2	0 4	4 4	0.0632743 0.122188
PDGFRB	6 1	1 8	0.333333 0.330605
MPL	1 2	3 3	0.412842 0.142804
TNK2	2 2	1 10	0.52459 0.355514
MAP2K2	2 3	1 4	0.89726 0.446429
ROS1	3 6	7 11	0.500132 0.390161
ATM	3 3	7 15	0.717288 0.373099
JAK1	1 1	1 5	0.714286 0.44929
PDGFRA	10 11	12 3	0.562023 0.0807734
STAT5B	1 1	1 2	0.868132 0.436905
MAP2K1	2 2	2 0	0.213524 -1
BRCA2	7 7	5 3	0.485944 0.0905493
HRAS	2 3	1 0	0.733333 -1
GNAS	1 1	1 1	0.346939 0.52459
KMT2A	1 3	1 3	0.140351 0.121776
MSH2	5 1	2 14	0.471154 0.297466
KDR	4 3	2 1	0.869434 0.774194
JAK2	2 1	2 3	0.863889 0.466131
CCND3	2 2	1 0	0.027027 -1
ERBB4	2 5	2 11	0.364815 0.402484
CHEK2	0 2	2 2	0.418651 0.360557

16-th reference
AKT3	1 0	1 3	0.852941 0.309203
PAK7	2 1	6 3	0.598116 0.518181
IDH2	0 2	1 1	0.0621118 0.150685
STAT3	2 0	3 1	0.318999 0.78125
SRC	2 2	2 7	0.571504 0.241098
KIR3DL3	3 7	2 11	0.334195 0.527201
ALK	13 13	1 9	0.475248 0.400965
ERBB3	1 2	5 5	0.31309 0.0909066
SF3B1	4 5	5 4	0.369303 0.491873
RAC1	2 2	1 5	0.970588 0.581812
TRRAP	7 8	3 18	0.544271 0.380158
PRKCD	7 8	1 7	0.545455 0.692475
TYK2	5 2	1 7	0.115789 0.562259
FGFR4	8 8	2 9	0.0419543 0.247048
FRK	4 2	6 6	0.335434 0.474778
EGFR	5 1	2 11	0.473573 0.373444
TTK	0 12	1 0	0.0957447 -1
MTOR	7 19	1 2	0.878378 0.181061
APC	6 7	1 1	0.8125 0.0909091
EPHA5	4 3	3 8	0.295084 0.279992
PMS2	9 4	3 5	0.235218 0.374683
IL7R	5 5	3 2	0.545417 0.45
NF1	5 1	2 25	0.81875 0.371473
TEK	7 2	6 8	0.619645 0.332118
ETV6	0 1	1 0	0.0824742 -1
NFKBIA	1 1	1 1	0.807339 0.0471698
CSF1R	3 9	5 8	0.27797 0.413516
MSH6	6 5	2 5	0.407844 0.414641
NRAS	1 1	1 0	0.0373832 -1
KIT	1 2	3 0	0.376758 -1
AKT2	1 0	1 6	0.870588 0.157887
BARD1	8 4	4 4	0.808381 0.368092
FGFR3	1 1	1 6	0.479167 0.224474
MLH1	1 5	3 0	0.554964 -1
ASXL1	3 5	5 6	0.490734 0.206362
NFKB2	5 3	1 5	0.0816327 0.303866
RET	4 9	7 8	0.644972 0.311583
PRKCG	3 1	2 5	0.533023 0.218084
GNA11	1 4	5 6	0.808395 0.223012
RB1	7 5	3 1	0.826691 0.529412
JAK3	1 2	4 9	0.703473 0.249306
FLT3	8 2	4 15	0.534288 0.320545
STK11	6 0	1 2	0.212121 0.229814
CARD11	8 5	7 6	0.387481 0.417986
SETBP1	1 1	1 6	0.136842 0.229185
IGF1R	6 4	6 9	0.489367 0.468345
DNMT3A	3 6	1 6	0.0185185 0.198792
AXL	2 3	1 3	0.306452 0.336498
SH2B3	2 0	1 3	0.0107527 0.405344
STK33	2 1	3 3	0.515717 0.563025
BCR	7 5	7 5	0.442561 0.211403
ERBB2	0 4	4 224	0.0632743 0.0311355
PDGFRB	6 4	1 11	0.333333 0.359935
MPL	1 1	3 1	0.412842 0.388889
TNK2	2 2	1 17	0.52459 0.306018
MAP2K2	2 4	1 6	0.89726 0.370985
ROS1	3 5	7 9	0.500132 0.375545
ATM	3 3	7 9	0.717288 0.512714
JAK1	1 3	1 10	0.714286 0.515856
PDGFRA	10 11	12 6	0.562023 0.241649
STAT5B	1 1	1 0	0.868132 -1
MAP2K1	2 1	2 1	0.213524 0.109756
BRCA2	7 9	5 3	0.485944 0.187043
HRAS	2 1	1 2	0.733333 0.37605
GNAS	1 4	1 9	0.346939 0.280538
KMT2A	1 1	1 9	0.140351 0.168784
MSH2	5 0	2 9	0.471154 0.474537
KDR	4 7	2 6	0.869434 0.381272
JAK2	2 2	2 4	0.863889 0.323841
CCND3	2 2	1 0	0.027027 -1
ERBB4	2 5	2 7	0.364815 0.313409

17-th reference
AKT3	1 0	1 2	0.852941 0.137578
PAK7	2 1	6 4	0.598116 0.488589
IDH2	0 0	1 4	0.0621118 0.713663
STAT3	2 0	3 2	0.318999 0.479489
SRC	2 2	2 0	0.571504 -1
KIR3DL3	3 3	2 1	0.334195 0.405063
ALK	13 12	1 4	0.475248 0.0970814
ERBB3	1 1	5 4	0.31309 0.501256
SF3B1	4 7	5 5	0.369303 0.341739
RAC1	2 0	1 1	0.970588 0.349398
TRRAP	7 8	3 4	0.544271 0.359822
PRKCD	7 7	1 3	0.545455 0.257475
TYK2	5 0	1 1	0.115789 0.157895
FGFR4	8 10	2 1	0.0419543 0.547619
FRK	4 0	6 3	0.335434 0.587313
EGFR	5 6	2 5	0.473573 0.434905
TTK	0 0	1 15	0.0957447 0.470056
MTOR	7 2	1 2	0.878378 0.525128
APC	6 7	1 1	0.8125 0.05
EPHA5	4 5	3 4	0.295084 0.310417
PMS2	9 5	3 5	0.235218 0.281388
IL7R	5 7	3 1	0.545417 0.492063
NF1	5 3	2 7	0.81875 0.384533
TEK	7 13	6 4	0.619645 0.504176
ETV6	0 1	1 0	0.0824742 -1
NFKBIA	1 2	1 4	0.807339 0.47064
CSF1R	3 2	5 7	0.27797 0.516169
MSH6	6 3	2 11	0.407844 0.385611
NRAS	1 1	1 0	0.0373832 -1
KIT	1 1	3 1	0.376758 0.2
AKT2	1 0	1 5	0.870588 0.349399
BARD1	8 12	4 2	0.808381 0.36756
FGFR3	1 2	1 2	0.479167 0.255782
MLH1	1 1	3 4	0.554964 0.475509
ASXL1	3 3	5 4	0.490734 0.494145
NFKB2	5 4	1 4	0.0816327 0.366201
RET	4 14	7 6	0.644972 0.374386
PRKCG	3 1	2 4	0.533023 0.14079
GNA11	1 6	5 4	0.808395 0.488709
RB1	7 10	3 7	0.826691 0.577788
JAK3	1 1	4 7	0.703473 0.407296
FLT3	8 6	4 2	0.534288 0.835918
CARD11	8 6	7 7	0.387481 0.445408
SETBP1	1 0	1 1	0.136842 0.6
IGF1R	6 8	6 3	0.489367 0.843554
DNMT3A	3 4	1 2	0.0185185 0.319231
AXL	2 1	1 3	0.306452 0.499902
STK33	2 0	3 6	0.515717 0.346806
BCR	7 10	7 23	0.442561 0.367121
ERBB2	0 3	4 3	0.0632743 0.483154
PDGFRB	6 4	1 4	0.333333 0.374722
MPL	1 1	3 0	0.412842 -1
TNK2	2 0	1 9	0.52459 0.392405
MAP2K2	2 2	1 2	0.89726 0.595501
ROS1	3 7	7 5	0.500132 0.539736
ATM	3 2	7 17	0.717288 0.58551
JAK1	1 0	1 2	0.714286 0.464493
PDGFRA	10 11	12 4	0.562023 0.134722
STAT5B	1 1	1 1	0.868132 0.103448
MAP2K1	2 2	2 0	0.213524 -1
BRCA2	7 8	5 0	0.485944 -1
HRAS	2 1	1 2	0.733333 0.345238
GNAS	1 1	1 3	0.346939 0.368853
KMT2A	1 1	1 2	0.140351 0.126697
MSH2	5 0	2 7	0.471154 0.437195
KDR	4 7	2 3	0.869434 0.572761
JAK2	2 1	2 4	0.863889 0.343293
CCND3	2 0	1 2	0.027027 0.555556
ERBB4	2 2	2 14	0.364815 0.429606
CHEK2	0 0	2 2	0.418651 0.430024

