AKT3	1 0	1 2.35294	0.852941 0.245055
PAK7	2 1.70588	6 4.29412	0.598116 0.392901
IDH2	0 1.52941	1 3.29412	0.0621118 0.385321
STAT3	2 0.823529	3 3.70588	0.318999 0.386584
SRC	2 2.41176	2 3.23529	0.571504 0.305972
KIR3DL3	3 2.29412	2 5.82353	0.334195 0.477764
ALK	13 11.3529	1 9.47059	0.475248 0.412199
ERBB3	1 0.764706	5 5.52941	0.31309 0.279535
SF3B1	4 4.82353	5 4.70588	0.369303 0.383366
RAC1	2 1.05882	1 3.94118	0.970588 0.373955
TRRAP	7 8.11765	3 10.7059	0.544271 0.335623
PRKCD	7 6.64706	1 4.76471	0.545455 0.413554
TYK2	5 2.29412	1 6.70588	0.115789 0.386971
FGFR4	8 7.05882	2 5.47059	0.0419543 0.374302
FRK	4 1.41176	6 2.52941	0.335434 0.435006
EGFR	5 3.47059	2 8.70588	0.473573 0.399356
TTK	0 5	1 6.82353	0.0957447 0.448722
MTOR	7 7.11765	1 5.76471	0.878378 0.381732
APC	6 6.82353	1 2.82353	0.8125 0.341061
EPHA5	4 3.35294	3 5.35294	0.295084 0.411461
PMS2	9 4.05882	3 3.35294	0.235218 0.320579
IL7R	5 4	3 2.88235	0.545417 0.449139
NF1	5 5.64706	2 11.2941	0.81875 0.366691
TEK	7 8.05882	6 8.47059	0.619645 0.466561
ETV6	0 0.352941	1 1.88235	0.0824742 0.306691
NFKBIA	1 1	1 2.88235	0.807339 0.383547
CSF1R	3 5.17647	5 7.52941	0.27797 0.415627
MSH6	6 5.52941	2 6	0.407844 0.389537
NRAS	1 0.588235	1 0.588235	0.0373832 0.400765
KIT	1 1.23529	3 2.52941	0.376758 0.358663
AKT2	1 0.411765	1 4.11765	0.870588 0.29225
BARD1	8 7.52941	4 5.17647	0.808381 0.44785
FGFR3	1 1.88235	1 4.76471	0.479167 0.297522
MLH1	1 0.823529	3 4.11765	0.554964 0.455513
ASXL1	3 3.23529	5 4.17647	0.490734 0.364055
NFKB2	5 3.47059	1 5.76471	0.0816327 0.288845
RET	4 7.52941	7 9	0.644972 0.298831
PRKCG	3 2.05882	2 4.64706	0.533023 0.280534
GNA11	1 3.35294	5 4.47059	0.808395 0.450488
RB1	7 7.17647	3 4.94118	0.826691 0.444563
JAK3	1 1.82353	4 10.6471	0.703473 0.365385
FLT3	8 5.64706	4 8.05882	0.534288 0.508401
STK11	6 0.882353	1 4.23529	0.212121 0.387776
CARD11	8 6.64706	7 9.11765	0.387481 0.364312
SETBP1	1 1.17647	1 2.64706	0.136842 0.281854
IGF1R	6 5.05882	6 17.4118	0.489367 0.188516
DNMT3A	3 1.88235	1 6.41176	0.0185185 0.326564
AXL	2 1.70588	1 4.70588	0.306452 0.325348
SH2B3	2 0.941176	1 2.58824	0.0107527 0.322968
STK33	2 1.17647	3 3.17647	0.515717 0.452424
BCR	7 7.11765	7 11.9412	0.442561 0.361655
ERBB2	0 2.70588	4 32.7059	0.0632743 0.0652924
PDGFRB	6 4.41176	1 8	0.333333 0.342367
MPL	1 0.941176	3 2.58824	0.412842 0.32052
TNK2	2 0.764706	1 8.94118	0.52459 0.333693
MAP2K2	2 3	1 4.05882	0.89726 0.328272
ROS1	3 5.82353	7 9.11765	0.500132 0.401387
ATM	3 5.58824	7 11.5294	0.717288 0.381657
JAK1	1 2.58824	1 5.76471	0.714286 0.431575
PDGFRA	10 10.0588	12 7.41176	0.562023 0.396667
STAT5B	1 0.823529	1 3	0.868132 0.259908
MAP2K1	2 1.41176	2 1.76471	0.213524 0.391921
BRCA2	7 8	5 3.47059	0.485944 0.371047
HRAS	2 0.764706	1 1.76471	0.733333 0.265066
GNAS	1 2.52941	1 4.11765	0.346939 0.231561
KMT2A	1 1.23529	1 6.41176	0.140351 0.228221
MSH2	5 1.47059	2 8.11765	0.471154 0.359491
KDR	4 4.64706	2 5.52941	0.869434 0.385201
JAK2	2 2.64706	2 3.52941	0.863889 0.431759
CCND3	2 1.41176	1 1.52941	0.027027 0.335221
ERBB4	2 4.11765	2 10.7059	0.364815 0.40045
CHEK2	0 0.823529	2 2.41176	0.418651 0.322534
